15 10
10
1 0 4
1 0
0 0
2 0
3 0
1 1 4
1 1
0 1
2 1
3 0
1 0 4
1 0
0 0
2 0
2 1
1 1 4
1 1
0 1
2 1
2 0
1 0 4
1 0
0 0
2 0
1 1
0 1 4
0 1
0 0
1 1
2 0
1 1 4
1 1
0 1
2 0
3 0
1 0 4
1 0
0 0
1 1
2 1
1 1 4
1 1
0 1
1 0
2 0
1 1 4
1 1
0 1
2 0
2 2
0
200
0
4
8
5
9
5
4
0
9
6
6
1
5
3
5
3
7
7
0
9
2
8
3
4
5
6
2
1
7
3
2
8
3
9
7
7
9
9
6
9
0
1
3
9
8
3
6
3
8
1
8
2
4
0
9
4
7
1
8
8
0
8
6
8
9
1
5
5
7
6
6
9
7
0
7
7
4
5
8
7
2
9
8
7
8
9
0
0
4
1
4
3
9
9
1
3
4
0
0
3
3
3
7
9
3
6
5
3
8
4
6
5
7
9
2
8
9
4
5
8
2
8
0
7
6
9
7
4
5
2
1
6
4
2
3
8
0
3
4
7
6
0
7
7
4
4
7
5
5
5
5
7
2
9
5
4
6
8
1
2
1
2
8
3
1
7
5
5
4
7
5
3
0
4
2
3
2
3
0
6
2
5
9
2
7
7
1
3
1
4
3
7
2
9
8
7
0
5
3
2
5
3 031
7 3312331
6 612003
51 322334232440234261200326036204342342433442660323231
10 0234243243
