15 10
10
1 0 4
1 0
0 0
2 0
3 0
1 1 4
1 1
0 1
2 1
3 0
1 0 4
1 0
0 0
2 0
2 1
1 1 4
1 1
0 1
2 1
2 0
1 0 4
1 0
0 0
2 0
1 1
0 1 4
0 1
0 0
1 1
2 0
1 1 4
1 1
0 1
2 0
3 0
1 0 4
1 0
0 0
1 1
2 1
1 1 4
1 1
0 1
1 0
2 0
1 1 4
1 1
0 1
2 0
2 2
0
200
0
7
4
8
8
5
0
3
2
8
6
3
2
7
3
7
5
4
6
5
4
8
3
8
6
2
9
6
6
0
8
5
4
2
0
3
3
3
5
7
2
8
8
4
7
7
0
9
6
4
6
4
7
1
1
3
8
9
9
3
5
5
8
0
9
3
6
4
6
7
2
2
0
1
7
6
3
3
9
7
3
3
2
0
4
4
5
3
9
9
4
0
4
3
2
8
4
5
8
0
5
9
4
2
8
2
5
2
5
2
4
6
3
7
7
6
9
9
8
4
8
5
8
9
9
0
7
4
5
0
5
2
5
4
3
6
8
7
0
1
6
4
0
7
5
7
0
0
3
7
3
0
0
9
4
5
1
6
8
0
8
5
8
3
9
0
1
6
6
9
9
8
7
5
4
3
1
7
6
7
7
2
7
9
5
8
2
5
7
9
2
2
7
8
9
8
7
6
1
1
5
3 031
7 3312331
6 612003
51 322334232440234261200326036204342342433442660323231
10 0234243243
