15 10
10
1 0 4
1 0
0 0
2 0
3 0
1 1 4
1 1
0 1
2 1
3 0
1 0 4
1 0
0 0
2 0
2 1
1 1 4
1 1
0 1
2 1
2 0
1 0 4
1 0
0 0
2 0
1 1
0 1 4
0 1
0 0
1 1
2 0
1 1 4
1 1
0 1
2 0
3 0
1 0 4
1 0
0 0
1 1
2 1
1 1 4
1 1
0 1
1 0
2 0
1 1 4
1 1
0 1
2 0
2 2
0
200
0
8
3
7
5
0
3
5
3
4
3
3
5
3
7
4
0
0
0
5
4
7
7
6
1
9
3
9
4
8
8
0
7
1
1
9
6
5
7
8
5
0
0
4
0
4
4
7
8
1
8
2
5
5
2
5
8
7
9
6
3
7
4
6
8
9
1
1
0
2
0
1
6
5
6
6
6
5
9
2
8
0
0
4
1
8
3
1
1
9
7
2
0
7
6
7
1
8
1
6
6
5
5
7
8
6
0
4
1
5
0
2
0
2
6
8
2
2
8
4
9
7
8
7
1
4
8
0
0
1
8
9
2
6
0
5
0
3
2
7
1
5
8
8
7
9
2
5
4
7
1
7
5
9
2
4
8
2
1
7
2
4
2
1
3
3
3
7
2
4
8
7
9
1
1
9
4
0
0
8
6
9
0
5
9
3
5
8
5
1
3
9
2
0
1
0
0
4
7
6
