15 10
10
1 0 4
1 0
0 0
2 0
3 0
1 1 4
1 1
0 1
2 1
3 0
1 0 4
1 0
0 0
2 0
2 1
1 1 4
1 1
0 1
2 1
2 0
1 0 4
1 0
0 0
2 0
1 1
0 1 4
0 1
0 0
1 1
2 0
1 1 4
1 1
0 1
2 0
3 0
1 0 4
1 0
0 0
1 1
2 1
1 1 4
1 1
0 1
1 0
2 0
1 1 4
1 1
0 1
2 0
2 2
0
200
0
5
3
7
1
3
6
4
2
6
7
2
6
1
1
8
8
4
9
6
3
1
0
9
4
1
3
1
1
1
3
3
0
3
7
3
7
3
8
4
0
8
8
8
1
4
6
0
8
7
8
1
2
1
1
4
0
3
5
0
4
5
5
7
2
7
0
8
1
9
4
3
3
7
4
5
6
8
2
5
7
6
5
4
9
0
6
4
4
0
8
0
5
3
5
1
1
3
9
7
5
5
6
8
7
5
7
8
4
5
8
9
7
9
3
9
4
8
1
0
8
8
4
2
6
5
3
4
6
3
8
9
3
3
9
3
8
9
8
9
6
7
4
0
6
6
8
3
8
5
8
7
3
2
5
3
8
0
3
1
5
3
7
8
9
8
7
5
6
0
6
6
5
9
0
0
8
3
5
8
5
5
4
4
6
3
9
7
6
3
3
9
0
3
7
8
7
3
6
9
5
3 031
7 3312331
6 612003
51 322334232440234261200326036204342342433442660323231
10 0234243243
