15 10
10
1 0 4
1 0
0 0
2 0
3 0
1 1 4
1 1
0 1
2 1
3 0
1 0 4
1 0
0 0
2 0
2 1
1 1 4
1 1
0 1
2 1
2 0
1 0 4
1 0
0 0
2 0
1 1
0 1 4
0 1
0 0
1 1
2 0
1 1 4
1 1
0 1
2 0
3 0
1 0 4
1 0
0 0
1 1
2 1
1 1 4
1 1
0 1
1 0
2 0
1 1 4
1 1
0 1
2 0
2 2
0
200
0
4
6
1
8
9
6
9
7
8
4
0
9
2
2
7
8
7
0
0
8
9
4
3
0
2
1
2
8
9
8
3
4
2
3
5
7
4
2
1
3
6
5
4
2
2
3
0
5
5
9
0
9
7
2
8
2
2
2
4
5
4
5
3
4
0
3
5
0
7
6
9
4
4
7
5
5
0
9
2
1
7
7
9
3
4
4
0
2
9
0
0
6
0
0
1
6
8
3
4
6
5
8
2
3
9
8
9
0
9
2
3
0
3
1
9
1
3
1
2
6
7
9
3
7
4
8
7
1
3
4
0
5
4
9
9
8
2
1
8
0
7
7
9
6
8
2
2
3
0
2
9
3
5
4
5
8
0
0
0
0
9
1
2
6
2
9
2
3
9
4
0
9
0
4
9
9
1
2
6
9
3
0
4
3
1
2
5
5
2
7
7
9
2
1
7
3
9
7
7
5
3 031
7 3312331
6 612003
51 322334232440234261200326036204342342433442660323231
10 0234243243
