20 30
14
1 0 2
0 0
2 0
0 1 3
1 0
0 1
0 2
1 0 3
2 0
1 0
0 1
0 0 3
1 1
1 0
0 1
1 1 4
2 0
1 1
1 2
0 3
1 1 4
2 0
1 0
0 1
0 2
0 1 4
1 1
1 0
0 1
0 2
0 1 4
0 0
1 0
0 1
0 2
0 1 4
1 0
1 1
1 2
0 3
1 1 4
2 0
1 1
0 1
0 2
1 0 4
2 1
2 0
1 0
0 1
1 0 4
1 1
2 0
1 0
0 1
0 1 4
0 0
0 1
1 1
0 2
1 0 4
0 1
1 1
3 0
2 0
52
2 5
3 5
4 5
5 5
11 5
16 5
17 5
18 5
19 5
25 5
4 6
11 6
18 6
25 6
4 7
11 7
18 7
25 7
4 8
11 8
18 8
25 8
4 9
7 9
8 9
11 9
18 9
21 9
22 9
25 9
4 10
7 10
9 10
18 10
21 10
23 10
2 11
3 11
4 11
5 11
7 11
8 11
9 11
11 11
16 11
17 11
18 11
19 11
21 11
22 11
23 11
25 11
100
0
0
6
6
11
12
1
1
1
12
10
11
4
3
0
3
3
0
11
8
7
0
1
7
7
8
1
8
0
10
5
10
9
6
4
1
6
12
3
5
12
1
10
11
3
0
11
10
7
2
1
11
12
1
7
11
9
6
4
6
10
1
12
9
13
9
5
4
8
12
3
0
8
1
10
8
6
5
5
8
7
12
4
7
7
6
13
3
0
4
5
10
10
10
1
2
8
11
2
4
