30 15
33
1 2 5
2 0
1 1
1 2
0 3
0 4
1 1 5
3 0
2 0
1 1
1 2
0 3
1 1 5
2 1
2 0
1 1
1 2
0 3
1 1 5
1 0
2 0
1 1
1 2
0 3
0 2 5
1 0
1 1
1 2
0 3
0 4
1 1 5
2 2
1 1
2 0
1 2
0 3
1 1 5
3 0
2 1
1 1
1 2
0 3
1 1 5
3 0
2 0
1 0
0 1
0 2
1 1 5
2 1
2 0
1 0
0 1
0 2
1 1 5
1 1
2 0
1 0
0 1
0 2
1 1 5
0 0
1 0
2 0
0 1
0 2
1 1 5
1 0
1 1
2 1
1 2
0 3
1 1 5
1 2
0 1
2 0
1 0
0 2
1 1 5
0 1
1 1
3 0
2 0
1 2
1 1 5
0 3
0 2
2 0
1 0
0 1
1 1 5
0 2
1 2
3 0
2 0
1 1
1 1 5
2 1
1 1
1 0
0 1
0 2
1 1 5
2 2
1 1
1 0
0 1
0 2
0 1 5
1 2
1 1
1 0
0 1
0 2
0 1 5
0 0
1 0
1 1
0 1
0 2
1 1 5
0 1
1 1
2 1
2 0
1 2
0 1 5
0 3
0 2
1 1
1 0
0 1
0 1 5
1 0
0 1
1 1
1 2
0 3
0 1 5
0 3
0 2
0 0
1 0
0 1
0 2 5
1 0
0 1
1 2
0 3
0 4
0 1 5
0 0
1 0
1 1
1 2
0 3
0 2 5
1 4
0 3
1 0
1 1
1 2
1 1 5
3 0
2 0
1 1
0 1
0 2
1 1 5
2 0
2 1
2 2
1 2
0 3
1 1 5
2 2
1 1
2 0
0 1
0 2
1 1 5
2 2
2 1
2 0
1 0
0 1
1 1 5
0 0
0 1
2 2
1 1
0 2
1 0 5
0 1
1 1
3 1
3 0
2 0
0
100
0
26
27
26
7
28
26
19
9
30
12
6
1
25
5
23
23
22
25
28
29
7
22
21
4
18
23
26
32
18
23
26
10
14
27
6
10
31
0
32
19
6
21
19
11
30
15
10
0
7
18
2
20
28
9
20
23
26
7
3
0
10
30
28
31
10
14
14
7
3
23
12
5
11
14
31
23
14
17
1
23
26
7
30
32
28
17
13
26
21
27
27
8
0
3
16
24
21
11
16
5
3 031
7 3312331
6 612003
51 322334232440234261200326036204342342433442660323231
10 0234243243
