8 10
1
0 0 2
0 0
1 0
45
1 2
2 2
3 3
4 3
3 2
4 2
5 3
6 3
5 2
6 2
7 3
8 3
7 2
8 2
9 3
1 4
2 4
3 5
4 5
3 4
4 4
5 5
6 5
5 4
6 4
7 5
8 5
7 4
8 4
9 5
1 6
2 6
3 7
4 7
3 6
4 6
5 7
6 7
5 6
6 6
7 7
8 7
7 6
8 6
9 7
100
0
0
0
0
0
0
0
0
0
0
0
0
0
0
0
0
0
0
0
0
0
0
0
0
0
0
0
0
0
0
0
0
0
0
0
0
0
0
0
0
0
0
0
0
0
0
0
0
0
0
0
0
0
0
0
0
0
0
0
0
0
0
0
0
0
0
0
0
0
0
0
0
0
0
0
0
0
0
0
0
0
0
0
0
0
0
0
0
0
0
0
0
0
0
0
0
0
0
0
0
5
3 031
7 3312331
6 612003
51 322334232440234261200326036204342342433442660323231
10 0234243243
