15 10
10
1 0 4
1 0
0 0
2 0
3 0
1 1 4
1 1
0 1
2 1
3 0
1 0 4
1 0
0 0
2 0
2 1
1 1 4
1 1
0 1
2 1
2 0
1 0 4
1 0
0 0
2 0
1 1
0 1 4
0 1
0 0
1 1
2 0
1 1 4
1 1
0 1
2 0
3 0
1 0 4
1 0
0 0
1 1
2 1
1 1 4
1 1
0 1
1 0
2 0
1 1 4
1 1
0 1
2 0
2 2
0
200
0
7
0
8
6
1
5
1
3
3
9
6
1
3
9
0
8
1
0
3
9
5
9
9
2
7
1
4
0
6
0
7
9
3
5
5
1
9
9
3
6
2
6
3
3
4
2
7
5
8
2
7
7
0
4
7
4
4
2
6
9
9
9
8
6
3
0
5
3
2
5
4
7
9
6
4
0
5
9
5
3
7
9
5
0
5
7
9
2
7
5
0
2
6
6
4
6
1
7
8
5
3
8
9
8
6
7
5
7
0
8
0
1
8
6
2
0
2
7
9
5
4
8
6
1
7
9
6
6
1
0
7
0
3
6
0
8
8
9
3
5
3
5
9
9
9
6
1
2
8
8
8
0
8
9
6
1
9
2
3
4
7
7
2
4
4
3
8
2
9
0
9
9
4
7
2
1
0
0
9
7
8
8
1
5
9
7
7
2
6
4
4
9
4
1
7
0
8
9
1
5
3 031
7 3312331
6 612003
51 322334232440234261200326036204342342433442660323231
10 0234243243
