15 10
10
1 0 4
1 0
0 0
2 0
3 0
1 1 4
1 1
0 1
2 1
3 0
1 0 4
1 0
0 0
2 0
2 1
1 1 4
1 1
0 1
2 1
2 0
1 0 4
1 0
0 0
2 0
1 1
0 1 4
0 1
0 0
1 1
2 0
1 1 4
1 1
0 1
2 0
3 0
1 0 4
1 0
0 0
1 1
2 1
1 1 4
1 1
0 1
1 0
2 0
1 1 4
1 1
0 1
2 0
2 2
0
200
0
9
4
5
7
0
9
2
8
7
6
7
8
1
6
6
7
6
0
5
4
5
7
3
1
8
5
7
1
0
7
1
1
3
5
2
8
0
6
6
6
1
0
5
5
2
4
7
6
8
9
5
5
3
0
0
4
9
2
3
7
0
0
9
8
0
2
1
6
7
0
0
5
3
7
3
9
9
7
3
9
7
8
9
2
6
9
3
2
4
8
3
1
7
7
8
5
1
1
6
9
0
2
4
3
9
4
9
2
7
8
7
0
4
0
0
3
2
9
2
9
8
3
3
9
8
2
8
0
8
1
4
6
6
4
3
2
0
8
5
1
8
0
1
4
8
3
4
9
8
3
8
3
0
1
1
4
0
1
7
0
2
9
9
3
7
1
7
3
1
6
5
2
5
9
8
7
6
8
6
0
5
9
0
9
2
6
1
8
9
6
9
7
3
9
8
8
4
8
4
5
3 031
7 3312331
6 612003
51 322334232440234261200326036204342342433442660323231
10 0234243243
