15 10
10
1 0 4
1 0
0 0
2 0
3 0
1 1 4
1 1
0 1
2 1
3 0
1 0 4
1 0
0 0
2 0
2 1
1 1 4
1 1
0 1
2 1
2 0
1 0 4
1 0
0 0
2 0
1 1
0 1 4
0 1
0 0
1 1
2 0
1 1 4
1 1
0 1
2 0
3 0
1 0 4
1 0
0 0
1 1
2 1
1 1 4
1 1
0 1
1 0
2 0
1 1 4
1 1
0 1
2 0
2 2
0
200
0
9
7
6
0
2
8
8
7
5
7
3
2
1
2
2
0
0
6
2
2
3
0
3
0
4
3
7
5
2
6
0
0
5
8
0
0
6
7
0
6
1
4
6
6
1
7
9
1
1
8
3
4
6
1
0
4
3
2
8
3
6
9
9
0
4
8
5
1
8
8
6
8
3
8
2
4
9
5
3
9
0
6
7
1
0
4
4
7
8
5
4
1
5
6
6
1
9
6
7
1
5
2
2
0
6
0
0
8
1
0
2
6
5
2
6
5
0
1
9
6
2
6
0
6
2
3
3
3
3
4
4
1
7
8
8
2
7
6
4
0
3
1
6
2
9
9
0
2
7
1
2
9
0
7
8
5
0
5
0
4
1
5
7
0
3
9
8
8
6
3
9
2
2
8
3
1
9
5
1
0
2
9
3
2
9
5
4
8
2
5
8
1
8
0
3
4
6
7
9
