15 10
10
1 0 4
1 0
0 0
2 0
3 0
1 1 4
1 1
0 1
2 1
3 0
1 0 4
1 0
0 0
2 0
2 1
1 1 4
1 1
0 1
2 1
2 0
1 0 4
1 0
0 0
2 0
1 1
0 1 4
0 1
0 0
1 1
2 0
1 1 4
1 1
0 1
2 0
3 0
1 0 4
1 0
0 0
1 1
2 1
1 1 4
1 1
0 1
1 0
2 0
1 1 4
1 1
0 1
2 0
2 2
0
200
0
8
6
9
6
3
9
6
3
0
7
4
1
5
3
8
2
2
8
1
6
1
4
5
8
8
2
0
0
6
9
5
6
3
8
1
7
5
9
2
5
6
6
2
6
7
3
8
1
6
9
9
4
6
2
3
3
8
2
9
0
2
2
5
4
6
9
0
2
2
3
1
0
5
9
5
5
3
8
7
2
3
7
3
8
3
2
9
2
7
7
5
2
9
0
9
2
6
6
6
4
4
2
1
1
3
2
3
4
0
7
0
7
4
9
9
4
4
2
0
3
2
3
2
2
2
4
1
3
9
1
0
3
2
3
1
1
7
1
3
1
0
5
1
5
3
7
1
6
7
9
0
1
7
0
1
6
2
3
0
3
7
5
1
8
9
7
1
6
8
7
7
5
2
3
8
1
9
0
9
3
7
4
3
8
5
4
0
9
8
7
4
0
7
2
3
5
0
0
6
5
3 031
7 3312331
6 612003
51 322334232440234261200326036204342342433442660323231
10 0234243243
