15 10
10
1 0 4
1 0
0 0
2 0
3 0
1 1 4
1 1
0 1
2 1
3 0
1 0 4
1 0
0 0
2 0
2 1
1 1 4
1 1
0 1
2 1
2 0
1 0 4
1 0
0 0
2 0
1 1
0 1 4
0 1
0 0
1 1
2 0
1 1 4
1 1
0 1
2 0
3 0
1 0 4
1 0
0 0
1 1
2 1
1 1 4
1 1
0 1
1 0
2 0
1 1 4
1 1
0 1
2 0
2 2
0
200
0
7
5
6
8
3
4
3
9
7
4
6
0
8
0
2
9
4
2
4
5
7
3
1
5
7
6
9
6
7
7
1
3
8
8
1
6
2
6
5
2
0
5
3
2
6
0
5
9
1
7
7
5
3
8
4
6
4
4
0
3
1
6
8
7
4
3
2
5
4
3
1
8
9
0
6
7
2
5
9
0
2
4
9
1
8
4
1
6
3
6
3
4
0
9
0
4
9
1
2
6
9
9
9
1
1
5
2
2
2
4
5
3
8
1
9
4
5
9
2
3
8
5
4
0
5
1
5
4
9
6
8
4
7
5
8
9
2
5
2
2
8
2
2
3
0
0
1
5
1
6
2
7
8
2
1
8
2
7
4
9
0
2
1
7
0
3
7
2
1
5
5
3
8
4
5
2
5
1
1
3
7
3
5
2
5
0
5
9
2
6
1
7
1
9
4
9
5
5
9
