15 10
10
1 0 4
1 0
0 0
2 0
3 0
1 1 4
1 1
0 1
2 1
3 0
1 0 4
1 0
0 0
2 0
2 1
1 1 4
1 1
0 1
2 1
2 0
1 0 4
1 0
0 0
2 0
1 1
0 1 4
0 1
0 0
1 1
2 0
1 1 4
1 1
0 1
2 0
3 0
1 0 4
1 0
0 0
1 1
2 1
1 1 4
1 1
0 1
1 0
2 0
1 1 4
1 1
0 1
2 0
2 2
0
200
0
6
0
8
0
2
4
9
5
7
9
3
4
8
7
6
2
9
8
9
2
3
3
9
4
4
2
5
7
7
6
0
2
9
6
2
0
7
4
6
0
7
0
2
8
3
1
3
9
4
9
0
6
7
4
2
1
0
6
2
3
5
3
3
4
7
4
2
3
5
0
4
6
1
0
9
1
5
9
4
9
1
8
6
4
9
4
8
2
0
5
6
6
8
3
4
5
7
0
7
3
8
7
2
6
6
6
5
9
8
9
7
5
9
3
8
7
5
9
9
3
8
8
2
3
7
2
5
3
6
8
1
2
5
4
2
6
6
3
6
1
5
4
8
5
3
1
6
8
9
0
6
9
3
6
6
2
0
4
6
8
6
0
2
6
4
5
6
6
6
4
4
1
3
3
6
7
8
1
6
9
6
3
1
1
4
7
8
1
6
9
2
0
8
7
2
5
6
9
4
5
3 031
7 3312331
6 612003
51 322334232440234261200326036204342342433442660323231
10 0234243243
