15 10
10
1 0 4
1 0
0 0
2 0
3 0
1 1 4
1 1
0 1
2 1
3 0
1 0 4
1 0
0 0
2 0
2 1
1 1 4
1 1
0 1
2 1
2 0
1 0 4
1 0
0 0
2 0
1 1
0 1 4
0 1
0 0
1 1
2 0
1 1 4
1 1
0 1
2 0
3 0
1 0 4
1 0
0 0
1 1
2 1
1 1 4
1 1
0 1
1 0
2 0
1 1 4
1 1
0 1
2 0
2 2
0
200
0
4
7
3
4
2
4
0
0
9
0
3
3
9
8
7
8
6
0
8
2
4
3
2
9
0
0
0
2
7
7
0
6
5
4
8
3
5
0
6
7
7
6
3
6
8
5
1
5
6
1
8
8
3
4
6
6
9
7
3
8
1
7
4
5
2
4
7
8
2
9
7
3
9
3
6
1
4
1
4
9
4
1
3
1
7
7
4
2
2
6
1
0
5
6
6
2
8
3
3
3
1
5
3
8
7
0
4
8
0
9
3
5
5
9
8
3
5
6
7
9
8
1
0
2
5
4
6
8
4
2
4
6
4
4
8
6
0
0
7
9
7
8
2
1
9
0
3
4
6
4
6
7
3
3
8
2
3
4
3
8
4
8
7
6
2
9
8
2
9
4
7
2
0
9
0
1
8
0
6
7
9
8
3
9
7
9
0
7
8
3
0
7
1
0
6
3
9
6
8
