15 10
10
1 0 4
1 0
0 0
2 0
3 0
1 1 4
1 1
0 1
2 1
3 0
1 0 4
1 0
0 0
2 0
2 1
1 1 4
1 1
0 1
2 1
2 0
1 0 4
1 0
0 0
2 0
1 1
0 1 4
0 1
0 0
1 1
2 0
1 1 4
1 1
0 1
2 0
3 0
1 0 4
1 0
0 0
1 1
2 1
1 1 4
1 1
0 1
1 0
2 0
1 1 4
1 1
0 1
2 0
2 2
0
200
0
9
5
3
1
1
7
9
7
6
0
2
8
2
5
6
2
7
7
4
3
5
0
9
3
6
6
2
9
5
1
0
2
7
0
9
8
1
0
5
3
5
7
3
2
7
6
5
8
6
0
2
8
4
3
5
6
8
4
0
0
5
9
4
0
8
3
5
6
7
4
8
3
4
6
2
4
2
6
7
3
0
1
7
6
2
5
2
7
5
6
3
4
7
0
6
0
5
6
5
8
0
1
8
8
7
9
0
3
3
1
9
6
7
5
3
1
2
2
5
1
5
4
5
4
9
5
2
6
9
2
4
4
7
3
8
2
0
9
2
7
5
7
8
4
9
4
6
1
2
4
2
4
7
8
2
1
0
2
7
1
4
8
8
8
6
8
1
7
8
9
4
1
8
3
6
4
0
6
7
3
9
8
8
7
5
3
8
9
7
7
0
4
0
9
4
8
4
0
7
