15 10
10
1 0 4
1 0
0 0
2 0
3 0
1 1 4
1 1
0 1
2 1
3 0
1 0 4
1 0
0 0
2 0
2 1
1 1 4
1 1
0 1
2 1
2 0
1 0 4
1 0
0 0
2 0
1 1
0 1 4
0 1
0 0
1 1
2 0
1 1 4
1 1
0 1
2 0
3 0
1 0 4
1 0
0 0
1 1
2 1
1 1 4
1 1
0 1
1 0
2 0
1 1 4
1 1
0 1
2 0
2 2
0
200
0
0
8
8
7
8
7
5
1
2
0
1
2
9
8
7
5
8
3
2
1
6
1
5
1
6
1
6
2
4
1
4
3
0
6
1
4
2
3
3
6
9
2
3
5
2
7
2
5
2
3
1
4
3
5
9
7
0
8
0
0
5
4
9
3
7
5
0
8
4
7
8
6
9
8
0
0
7
1
6
9
6
2
7
5
8
9
1
0
8
5
8
2
4
1
6
4
9
0
6
9
4
8
1
2
6
6
7
9
4
2
4
4
9
9
9
1
1
3
2
2
8
2
8
8
1
4
8
4
6
3
2
9
6
0
2
1
4
3
2
1
0
4
8
8
4
0
1
3
6
9
4
0
0
2
3
5
5
9
6
0
1
6
4
7
6
7
2
5
5
7
2
7
9
5
6
9
3
2
4
7
0
6
6
3
5
8
4
9
2
5
7
1
0
6
3
6
8
4
0
5
3 031
7 3312331
6 612003
51 322334232440234261200326036204342342433442660323231
10 0234243243
