20 15
11
4 0 1
0 0
4 0 1
0 0
4 0 1
0 0
4 0 1
0 0
4 0 1
0 0
4 0 1
0 0
4 0 1
0 0
4 0 1
0 0
3 5 6
1 0
2 0
0 1
2 1
1 2
2 2
3 5 6
1 0
2 0
0 1
2 1
1 2
2 2
8 6 12
1 0
2 0
3 0
0 1
3 1
0 2
4 2
0 3
3 3
1 4
2 4
3 4
0
100
0
1
0
4
5
9
9
4
0
2
7
8
2
0
7
5
9
10
0
8
7
6
4
4
0
7
10
6
0
1
2
6
3
6
5
9
9
8
10
9
6
4
0
3
10
5
4
4
2
8
7
2
1
4
7
8
1
4
10
4
6
6
4
1
4
8
2
4
9
6
9
7
8
0
9
8
8
10
1
2
4
7
4
8
4
0
9
2
5
2
9
3
4
3
5
4
0
4
5
10
5
3 031
7 3312331
6 612003
51 322334232440234261200326036204342342433442660323231
10 0234243243
