20 30
14
1 0 2
0 0
2 0
0 1 3
1 0
0 1
0 2
1 0 3
2 0
1 0
0 1
0 0 3
1 1
1 0
0 1
1 1 4
2 0
1 1
1 2
0 3
1 1 4
2 0
1 0
0 1
0 2
0 1 4
1 1
1 0
0 1
0 2
0 1 4
0 0
1 0
0 1
0 2
0 1 4
1 0
1 1
1 2
0 3
1 1 4
2 0
1 1
0 1
0 2
1 0 4
2 1
2 0
1 0
0 1
1 0 4
1 1
2 0
1 0
0 1
0 1 4
0 0
0 1
1 1
0 2
1 0 4
0 1
1 1
3 0
2 0
68
2 6
3 6
4 6
5 6
8 6
10 6
22 6
2 7
5 7
7 7
10 7
21 7
2 8
6 8
8 8
10 8
22 8
2 9
3 9
4 9
5 9
10 9
12 9
15 9
17 9
18 9
19 9
21 9
2 10
5 10
10 10
12 10
15 10
17 10
20 10
22 10
23 10
24 10
2 11
5 11
10 11
12 11
14 11
16 11
17 11
18 11
19 11
21 11
24 11
2 12
6 12
10 12
13 12
14 12
17 12
22 12
25 12
2 13
6 13
10 13
13 13
17 13
18 13
19 13
21 13
24 13
13 14
12 15
100
0
3
5
9
3
4
6
2
10
10
10
8
3
10
9
0
12
7
7
8
4
1
1
7
1
0
8
0
5
3
13
11
2
5
2
12
6
9
2
8
2
10
12
9
9
6
8
2
8
6
10
4
1
7
6
3
10
5
12
9
7
12
6
4
4
10
2
11
10
12
5
0
4
5
7
2
2
8
7
7
10
11
10
10
9
1
11
12
8
13
11
6
4
11
8
10
2
8
5
13
