15 10
10
1 0 4
1 0
0 0
2 0
3 0
1 1 4
1 1
0 1
2 1
3 0
1 0 4
1 0
0 0
2 0
2 1
1 1 4
1 1
0 1
2 1
2 0
1 0 4
1 0
0 0
2 0
1 1
0 1 4
0 1
0 0
1 1
2 0
1 1 4
1 1
0 1
2 0
3 0
1 0 4
1 0
0 0
1 1
2 1
1 1 4
1 1
0 1
1 0
2 0
1 1 4
1 1
0 1
2 0
2 2
0
200
0
3
1
4
6
3
8
0
6
6
8
5
1
4
0
2
2
5
8
2
8
4
6
7
4
8
3
1
5
2
8
4
9
7
0
3
3
3
3
0
1
1
6
1
6
0
8
9
5
3
6
4
8
5
2
4
2
0
3
9
0
5
2
4
2
4
6
2
8
3
8
3
8
2
2
6
4
5
1
7
1
8
5
5
2
2
6
3
9
0
8
5
8
0
3
8
4
9
8
1
3
9
6
6
6
0
9
4
6
9
7
0
6
8
4
9
0
2
1
4
6
6
5
4
0
1
9
5
5
7
9
7
7
2
8
3
5
7
3
3
2
4
9
7
3
6
2
9
2
6
2
5
1
2
1
0
0
5
4
1
5
3
6
8
4
3
2
8
1
4
5
6
8
9
2
1
1
0
1
9
9
9
4
0
2
6
0
0
3
0
4
7
8
8
2
9
4
9
4
9
5
3 031
7 3312331
6 612003
51 322334232440234261200326036204342342433442660323231
10 0234243243
