30 15
33
1 2 5
2 0
1 1
1 2
0 3
0 4
1 1 5
3 0
2 0
1 1
1 2
0 3
1 1 5
2 1
2 0
1 1
1 2
0 3
1 1 5
1 0
2 0
1 1
1 2
0 3
0 2 5
1 0
1 1
1 2
0 3
0 4
1 1 5
2 2
1 1
2 0
1 2
0 3
1 1 5
3 0
2 1
1 1
1 2
0 3
1 1 5
3 0
2 0
1 0
0 1
0 2
1 1 5
2 1
2 0
1 0
0 1
0 2
1 1 5
1 1
2 0
1 0
0 1
0 2
1 1 5
0 0
1 0
2 0
0 1
0 2
1 1 5
1 0
1 1
2 1
1 2
0 3
1 1 5
1 2
0 1
2 0
1 0
0 2
1 1 5
0 1
1 1
3 0
2 0
1 2
1 1 5
0 3
0 2
2 0
1 0
0 1
1 1 5
0 2
1 2
3 0
2 0
1 1
1 1 5
2 1
1 1
1 0
0 1
0 2
1 1 5
2 2
1 1
1 0
0 1
0 2
0 1 5
1 2
1 1
1 0
0 1
0 2
0 1 5
0 0
1 0
1 1
0 1
0 2
1 1 5
0 1
1 1
2 1
2 0
1 2
0 1 5
0 3
0 2
1 1
1 0
0 1
0 1 5
1 0
0 1
1 1
1 2
0 3
0 1 5
0 3
0 2
0 0
1 0
0 1
0 2 5
1 0
0 1
1 2
0 3
0 4
0 1 5
0 0
1 0
1 1
1 2
0 3
0 2 5
1 4
0 3
1 0
1 1
1 2
1 1 5
3 0
2 0
1 1
0 1
0 2
1 1 5
2 0
2 1
2 2
1 2
0 3
1 1 5
2 2
1 1
2 0
0 1
0 2
1 1 5
2 2
2 1
2 0
1 0
0 1
1 1 5
0 0
0 1
2 2
1 1
0 2
1 0 5
0 1
1 1
3 1
3 0
2 0
0
100
0
29
13
4
20
12
24
23
7
31
28
25
31
4
15
8
9
30
27
9
32
21
20
13
10
16
3
32
27
9
16
21
3
1
13
20
28
30
23
12
5
16
28
7
24
32
7
0
18
21
9
0
2
30
5
32
7
31
18
29
25
8
14
22
30
19
16
5
26
21
4
30
4
25
1
26
8
23
5
0
20
23
28
29
19
28
10
21
14
25
6
19
25
28
19
27
30
2
19
15
5
3 031
7 3312331
6 612003
51 322334232440234261200326036204342342433442660323231
10 0234243243
