20 15
11
4 0 1
0 0
4 0 1
0 0
4 0 1
0 0
4 0 1
0 0
4 0 1
0 0
4 0 1
0 0
4 0 1
0 0
4 0 1
0 0
3 5 6
1 0
2 0
0 1
2 1
1 2
2 2
3 5 6
1 0
2 0
0 1
2 1
1 2
2 2
8 6 12
1 0
2 0
3 0
0 1
3 1
0 2
4 2
0 3
3 3
1 4
2 4
3 4
0
100
0
2
9
4
0
4
7
0
2
8
9
2
7
0
10
9
3
4
4
0
6
10
4
0
3
2
9
3
7
1
8
4
0
0
3
0
5
1
10
8
7
5
6
6
5
0
2
8
4
4
0
7
4
10
10
4
6
0
10
9
9
9
2
5
0
1
0
4
2
4
0
3
1
5
1
2
10
3
6
3
8
2
6
7
1
2
1
0
2
9
5
2
2
8
10
10
10
6
3
2
5
3 031
7 3312331
6 612003
51 322334232440234261200326036204342342433442660323231
10 0234243243
