20 15
5
0 0 1
0 0
0 0 2
0 0
1 0
1 0 3
0 0
1 0
2 0
0 0 3
0 0
1 0
0 1
1 0 3
0 0
1 0
1 1
37
0 9
0 18
0 19
1 9
1 18
2 6
2 12
2 16
3 5
3 8
3 11
4 9
4 10
4 16
4 18
5 9
5 14
5 19
6 17
7 6
7 13
8 6
8 8
8 14
9 10
9 11
10 10
10 12
10 15
10 18
11 5
12 7
12 8
13 8
13 11
13 18
14 10
100
0
0
3
3
2
3
2
0
1
2
0
1
2
4
3
2
0
3
3
2
1
1
1
0
1
1
1
1
2
4
1
4
3
0
1
1
4
2
3
3
1
4
2
3
0
2
2
2
0
2
3
1
4
3
0
4
2
0
3
0
0
0
4
4
3
2
0
0
3
4
2
3
1
4
3
0
0
2
1
1
4
1
2
2
0
3
4
1
0
3
0
3
2
4
1
1
4
4
0
1
5
3 031
7 3312331
6 612003
51 322334232440234261200326036204342342433442660323231
10 0234243243
