20 40
14
1 0 2
0 0
2 0
0 1 3
1 0
0 1
0 2
1 0 3
2 0
1 0
0 1
0 0 3
1 1
1 0
0 1
1 1 4
2 0
1 1
1 2
0 3
1 1 4
2 0
1 0
0 1
0 2
0 1 4
1 1
1 0
0 1
0 2
0 1 4
0 0
1 0
0 1
0 2
0 1 4
1 0
1 1
1 2
0 3
1 1 4
2 0
1 1
0 1
0 2
1 0 4
2 1
2 0
1 0
0 1
1 0 4
1 1
2 0
1 0
0 1
0 1 4
0 0
0 1
1 1
0 2
1 0 4
0 1
1 1
3 0
2 0
100
0 5
4 5
30 5
34 5
1 6
4 6
30 6
34 6
1 7
3 7
30 7
34 7
2 8
3 8
29 8
30 8
31 8
32 8
34 8
2 9
5 9
9 9
12 9
13 9
14 9
18 9
19 9
20 9
24 9
25 9
26 9
30 9
34 9
35 9
36 9
2 10
6 10
9 10
12 10
15 10
18 10
21 10
24 10
27 10
30 10
34 10
37 10
2 11
5 11
9 11
11 11
15 11
17 11
21 11
23 11
27 11
30 11
34 11
37 11
2 12
6 12
9 12
12 12
15 12
18 12
21 12
24 12
27 12
30 12
34 12
37 12
2 13
6 13
7 13
8 13
12 13
13 13
14 13
15 13
18 13
19 13
20 13
21 13
24 13
25 13
26 13
30 13
31 13
34 13
37 13
15 14
21 14
14 15
20 15
12 16
13 16
14 16
18 16
19 16
20 16
100
0
0
6
6
11
12
1
1
1
12
10
11
4
3
0
3
3
0
11
8
7
0
1
7
7
8
1
8
0
10
5
10
9
6
4
1
6
12
3
5
12
1
10
11
3
0
11
10
7
2
1
11
12
1
7
11
9
6
4
6
10
1
12
9
13
9
5
4
8
12
3
0
8
1
10
8
6
5
5
8
7
12
4
7
7
6
13
3
0
4
5
10
10
10
1
2
8
11
2
4
5
3 031
7 3312331
6 612003
51 322334232440234261200326036204342342433442660323231
10 0234243243
