15 10
10
1 0 4
1 0
0 0
2 0
3 0
1 1 4
1 1
0 1
2 1
3 0
1 0 4
1 0
0 0
2 0
2 1
1 1 4
1 1
0 1
2 1
2 0
1 0 4
1 0
0 0
2 0
1 1
0 1 4
0 1
0 0
1 1
2 0
1 1 4
1 1
0 1
2 0
3 0
1 0 4
1 0
0 0
1 1
2 1
1 1 4
1 1
0 1
1 0
2 0
1 1 4
1 1
0 1
2 0
2 2
0
200
0
1
6
2
9
1
8
0
6
4
8
8
6
0
4
5
6
2
8
4
3
4
9
1
6
8
1
8
9
3
1
0
3
3
4
9
0
6
9
6
0
5
0
5
8
4
5
1
2
5
3
1
8
7
5
3
9
9
2
5
1
6
1
0
2
6
2
8
5
5
9
9
7
4
5
9
3
2
4
7
4
8
8
2
9
0
2
9
0
7
8
2
2
6
5
6
7
9
1
0
0
8
2
6
6
0
8
0
7
7
6
1
6
6
2
2
3
6
0
3
8
7
9
0
6
0
6
0
0
9
8
5
6
2
8
1
3
6
0
6
6
6
8
7
8
8
3
0
7
6
6
3
3
4
6
8
6
0
1
3
3
2
5
5
4
6
6
0
6
7
2
3
1
4
6
7
6
6
3
4
8
5
2
5
1
1
4
2
4
1
2
1
2
3
7
0
4
7
1
3
