15 10
10
1 0 4
1 0
0 0
2 0
3 0
1 1 4
1 1
0 1
2 1
3 0
1 0 4
1 0
0 0
2 0
2 1
1 1 4
1 1
0 1
2 1
2 0
1 0 4
1 0
0 0
2 0
1 1
0 1 4
0 1
0 0
1 1
2 0
1 1 4
1 1
0 1
2 0
3 0
1 0 4
1 0
0 0
1 1
2 1
1 1 4
1 1
0 1
1 0
2 0
1 1 4
1 1
0 1
2 0
2 2
0
200
0
0
3
1
8
9
9
0
8
4
6
0
2
1
8
1
5
3
1
7
8
9
1
8
8
2
9
8
1
4
3
7
8
4
8
5
7
9
8
0
6
7
9
1
8
2
6
3
7
6
6
4
8
3
4
7
4
0
3
1
0
4
7
8
4
7
7
4
8
6
3
8
9
8
9
3
6
5
1
8
8
7
6
4
1
7
8
5
4
8
0
5
6
9
0
1
8
0
9
1
2
1
9
2
2
9
2
5
7
1
9
2
0
5
9
8
4
4
5
2
7
1
1
7
9
5
2
2
1
7
7
6
9
7
8
0
6
8
2
3
0
8
6
5
2
3
7
7
4
2
0
4
0
2
0
3
1
7
9
9
3
1
5
7
2
9
5
5
3
2
4
1
8
9
3
8
4
9
5
7
2
7
7
6
8
4
8
5
1
9
9
6
5
9
0
1
9
9
4
8
5
3 031
7 3312331
6 612003
51 322334232440234261200326036204342342433442660323231
10 0234243243
