15 10
10
1 0 4
1 0
0 0
2 0
3 0
1 1 4
1 1
0 1
2 1
3 0
1 0 4
1 0
0 0
2 0
2 1
1 1 4
1 1
0 1
2 1
2 0
1 0 4
1 0
0 0
2 0
1 1
0 1 4
0 1
0 0
1 1
2 0
1 1 4
1 1
0 1
2 0
3 0
1 0 4
1 0
0 0
1 1
2 1
1 1 4
1 1
0 1
1 0
2 0
1 1 4
1 1
0 1
2 0
2 2
0
200
0
0
1
9
2
9
0
0
7
5
6
2
4
1
9
5
9
8
8
0
4
0
6
0
9
0
5
8
1
4
0
4
2
7
1
3
3
4
5
2
6
4
8
8
6
7
2
9
2
9
3
7
3
4
7
3
1
3
5
7
5
2
8
4
6
6
1
0
1
3
9
9
5
5
2
1
4
2
0
6
9
1
2
3
4
8
5
8
1
6
4
9
4
1
8
6
2
0
1
0
4
1
5
9
2
4
7
3
3
5
7
4
1
6
0
0
0
3
8
5
8
0
3
8
0
9
8
4
9
4
6
5
6
9
2
4
1
2
8
0
4
2
2
3
2
7
7
9
2
3
5
2
3
4
2
0
6
9
1
6
6
9
4
4
8
2
2
6
5
3
3
6
5
3
8
3
0
8
6
4
8
7
0
1
9
5
5
3
6
9
6
0
3
7
2
3
2
0
3
1
5
3 031
7 3312331
6 612003
51 322334232440234261200326036204342342433442660323231
10 0234243243
