15 10
10
1 0 4
1 0
0 0
2 0
3 0
1 1 4
1 1
0 1
2 1
3 0
1 0 4
1 0
0 0
2 0
2 1
1 1 4
1 1
0 1
2 1
2 0
1 0 4
1 0
0 0
2 0
1 1
0 1 4
0 1
0 0
1 1
2 0
1 1 4
1 1
0 1
2 0
3 0
1 0 4
1 0
0 0
1 1
2 1
1 1 4
1 1
0 1
1 0
2 0
1 1 4
1 1
0 1
2 0
2 2
0
200
0
1
9
5
3
0
6
1
1
6
4
3
9
5
2
3
2
8
2
7
2
2
0
4
6
6
5
9
2
2
3
4
1
9
3
4
1
8
6
1
9
4
3
6
7
3
4
9
9
8
7
8
1
7
0
3
4
1
3
8
6
9
5
1
4
5
6
9
1
9
3
5
1
9
0
0
4
0
4
9
8
8
7
5
5
0
9
5
3
3
2
6
0
1
3
9
1
6
5
6
0
6
9
2
8
8
6
7
9
6
2
2
3
1
1
2
8
9
2
6
2
7
4
8
2
7
5
5
9
9
4
1
3
0
9
9
6
6
9
7
7
7
8
1
4
9
7
7
3
1
3
4
6
0
3
7
5
4
5
9
8
5
4
1
5
6
1
5
4
4
0
4
9
3
8
6
4
0
2
7
7
3
8
2
3
8
9
0
4
6
4
3
1
2
8
3
5
6
7
2
5
3 031
7 3312331
6 612003
51 322334232440234261200326036204342342433442660323231
10 0234243243
