15 10
10
1 0 4
1 0
0 0
2 0
3 0
1 1 4
1 1
0 1
2 1
3 0
1 0 4
1 0
0 0
2 0
2 1
1 1 4
1 1
0 1
2 1
2 0
1 0 4
1 0
0 0
2 0
1 1
0 1 4
0 1
0 0
1 1
2 0
1 1 4
1 1
0 1
2 0
3 0
1 0 4
1 0
0 0
1 1
2 1
1 1 4
1 1
0 1
1 0
2 0
1 1 4
1 1
0 1
2 0
2 2
0
200
0
5
8
2
5
8
9
7
3
4
5
1
2
4
6
4
3
3
7
8
1
7
4
9
6
2
9
6
0
5
7
1
8
2
6
8
9
4
4
3
1
9
5
7
4
8
9
8
7
8
8
9
1
5
9
8
2
0
0
8
8
6
2
1
6
2
9
3
8
4
4
2
1
2
4
3
7
9
5
2
7
4
6
1
8
4
5
1
5
6
8
2
4
5
9
9
4
9
0
8
5
2
1
8
6
8
2
7
9
3
7
3
6
7
3
7
0
7
3
2
5
6
4
5
5
6
4
2
1
3
6
6
3
1
3
9
7
5
7
4
5
9
9
5
6
7
2
6
0
4
8
8
9
5
7
2
7
6
5
7
6
4
0
4
3
7
5
1
8
2
5
6
4
1
9
6
8
2
3
0
5
3
9
8
0
5
1
4
7
6
0
1
1
8
9
5
3
4
3
4
5
3 031
7 3312331
6 612003
51 322334232440234261200326036204342342433442660323231
10 0234243243
