20 30
14
1 0 2
0 0
2 0
0 1 3
1 0
0 1
0 2
1 0 3
2 0
1 0
0 1
0 0 3
1 1
1 0
0 1
1 1 4
2 0
1 1
1 2
0 3
1 1 4
2 0
1 0
0 1
0 2
0 1 4
1 1
1 0
0 1
0 2
0 1 4
0 0
1 0
0 1
0 2
0 1 4
1 0
1 1
1 2
0 3
1 1 4
2 0
1 1
0 1
0 2
1 0 4
2 1
2 0
1 0
0 1
1 0 4
1 1
2 0
1 0
0 1
0 1 4
0 0
0 1
1 1
0 2
1 0 4
0 1
1 1
3 0
2 0
52
2 5
3 5
4 5
5 5
11 5
16 5
17 5
18 5
19 5
25 5
4 6
11 6
18 6
25 6
4 7
11 7
18 7
25 7
4 8
11 8
18 8
25 8
4 9
7 9
8 9
11 9
18 9
21 9
22 9
25 9
4 10
7 10
9 10
18 10
21 10
23 10
2 11
3 11
4 11
5 11
7 11
8 11
9 11
11 11
16 11
17 11
18 11
19 11
21 11
22 11
23 11
25 11
100
0
5
1
9
12
13
7
1
10
5
2
6
13
11
1
9
6
13
4
8
8
1
8
13
7
13
0
4
9
3
0
13
3
0
5
8
5
4
11
2
13
1
8
13
3
1
8
5
8
11
4
13
12
2
6
7
9
12
2
1
7
5
1
4
12
12
2
10
6
9
8
13
12
0
3
12
4
0
10
0
3
10
12
8
10
5
9
6
3
9
10
0
0
6
2
9
12
0
12
13
5
3 031
7 3312331
6 612003
51 322334232440234261200326036204342342433442660323231
10 0234243243
