20 40
14
1 0 2
0 0
2 0
0 1 3
1 0
0 1
0 2
1 0 3
2 0
1 0
0 1
0 0 3
1 1
1 0
0 1
1 1 4
2 0
1 1
1 2
0 3
1 1 4
2 0
1 0
0 1
0 2
0 1 4
1 1
1 0
0 1
0 2
0 1 4
0 0
1 0
0 1
0 2
0 1 4
1 0
1 1
1 2
0 3
1 1 4
2 0
1 1
0 1
0 2
1 0 4
2 1
2 0
1 0
0 1
1 0 4
1 1
2 0
1 0
0 1
0 1 4
0 0
0 1
1 1
0 2
1 0 4
0 1
1 1
3 0
2 0
100
0 5
4 5
30 5
34 5
1 6
4 6
30 6
34 6
1 7
3 7
30 7
34 7
2 8
3 8
29 8
30 8
31 8
32 8
34 8
2 9
5 9
9 9
12 9
13 9
14 9
18 9
19 9
20 9
24 9
25 9
26 9
30 9
34 9
35 9
36 9
2 10
6 10
9 10
12 10
15 10
18 10
21 10
24 10
27 10
30 10
34 10
37 10
2 11
5 11
9 11
11 11
15 11
17 11
21 11
23 11
27 11
30 11
34 11
37 11
2 12
6 12
9 12
12 12
15 12
18 12
21 12
24 12
27 12
30 12
34 12
37 12
2 13
6 13
7 13
8 13
12 13
13 13
14 13
15 13
18 13
19 13
20 13
21 13
24 13
25 13
26 13
30 13
31 13
34 13
37 13
15 14
21 14
14 15
20 15
12 16
13 16
14 16
18 16
19 16
20 16
100
0
11
11
3
7
4
3
0
5
1
1
2
12
6
1
11
7
13
1
13
5
6
8
9
3
1
9
11
2
7
13
0
9
12
3
12
0
0
9
4
12
7
3
13
13
5
13
2
10
4
6
8
1
7
5
13
7
6
11
6
1
2
12
10
13
7
1
2
0
0
8
1
9
3
8
10
12
0
13
2
4
9
2
9
12
8
4
1
4
11
7
5
13
10
3
11
1
12
13
12
