20 15
11
4 0 1
0 0
4 0 1
0 0
4 0 1
0 0
4 0 1
0 0
4 0 1
0 0
4 0 1
0 0
4 0 1
0 0
4 0 1
0 0
3 5 6
1 0
2 0
0 1
2 1
1 2
2 2
3 5 6
1 0
2 0
0 1
2 1
1 2
2 2
8 6 12
1 0
2 0
3 0
0 1
3 1
0 2
4 2
0 3
3 3
1 4
2 4
3 4
0
100
0
10
5
3
0
5
10
0
6
8
10
7
7
6
2
2
6
4
0
10
3
4
2
10
8
7
4
7
7
0
6
6
7
8
5
8
6
3
5
6
3
3
5
5
10
6
7
10
1
4
2
3
2
1
4
3
6
0
5
2
10
7
1
0
10
3
3
8
9
5
3
4
2
10
5
2
9
8
8
9
7
2
8
7
3
9
0
9
3
2
3
1
8
9
5
9
4
9
5
6
5
3 031
7 3312331
6 612003
51 322334232440234261200326036204342342433442660323231
10 0234243243
