15 10
10
1 0 4
1 0
0 0
2 0
3 0
1 1 4
1 1
0 1
2 1
3 0
1 0 4
1 0
0 0
2 0
2 1
1 1 4
1 1
0 1
2 1
2 0
1 0 4
1 0
0 0
2 0
1 1
0 1 4
0 1
0 0
1 1
2 0
1 1 4
1 1
0 1
2 0
3 0
1 0 4
1 0
0 0
1 1
2 1
1 1 4
1 1
0 1
1 0
2 0
1 1 4
1 1
0 1
2 0
2 2
0
200
0
1
9
4
4
1
9
5
2
5
2
2
7
5
9
4
2
7
3
5
5
0
3
2
2
3
1
7
6
5
6
9
8
8
2
7
1
8
9
1
9
2
9
9
3
2
6
1
2
6
6
7
8
3
3
6
5
5
4
8
2
8
5
6
5
7
2
3
3
9
2
1
4
5
8
6
3
8
9
8
1
9
5
3
0
2
6
4
5
1
2
1
5
8
1
6
0
2
9
1
3
6
2
1
9
8
6
7
6
6
6
9
2
9
1
2
3
0
3
3
5
3
2
2
3
3
3
9
4
4
2
4
5
0
8
8
0
2
7
2
3
2
1
1
4
0
1
2
8
1
2
2
1
5
7
7
3
6
8
1
9
2
6
2
8
2
9
9
6
3
2
7
6
8
5
2
7
0
2
4
7
1
6
5
1
4
4
3
7
7
4
6
1
1
0
9
4
4
0
6
5
3 031
7 3312331
6 612003
51 322334232440234261200326036204342342433442660323231
10 0234243243
