15 10
10
1 0 4
1 0
0 0
2 0
3 0
1 1 4
1 1
0 1
2 1
3 0
1 0 4
1 0
0 0
2 0
2 1
1 1 4
1 1
0 1
2 1
2 0
1 0 4
1 0
0 0
2 0
1 1
0 1 4
0 1
0 0
1 1
2 0
1 1 4
1 1
0 1
2 0
3 0
1 0 4
1 0
0 0
1 1
2 1
1 1 4
1 1
0 1
1 0
2 0
1 1 4
1 1
0 1
2 0
2 2
0
200
0
2
1
1
3
9
0
9
0
4
5
3
7
7
9
6
1
0
9
7
3
9
3
5
7
6
5
7
0
8
3
3
1
6
9
4
3
8
3
7
6
8
8
1
8
3
1
4
0
0
1
8
4
4
7
2
2
0
6
4
2
8
8
0
2
6
4
8
9
8
0
9
4
8
8
9
2
6
0
1
8
0
2
6
5
3
8
9
6
9
2
6
0
5
8
8
2
2
2
4
4
0
3
5
1
0
0
5
6
0
1
1
2
4
4
5
1
1
4
2
7
3
4
0
3
5
6
1
6
1
1
5
0
6
9
9
7
3
6
8
8
0
0
8
4
7
8
3
1
5
9
7
7
5
0
3
8
1
8
2
0
2
8
3
3
3
9
5
9
4
2
8
7
8
8
7
9
7
0
1
4
1
6
6
0
3
2
4
9
8
5
1
5
9
4
6
0
4
1
2
5
3 031
7 3312331
6 612003
51 322334232440234261200326036204342342433442660323231
10 0234243243
