15 10
10
1 0 4
1 0
0 0
2 0
3 0
1 1 4
1 1
0 1
2 1
3 0
1 0 4
1 0
0 0
2 0
2 1
1 1 4
1 1
0 1
2 1
2 0
1 0 4
1 0
0 0
2 0
1 1
0 1 4
0 1
0 0
1 1
2 0
1 1 4
1 1
0 1
2 0
3 0
1 0 4
1 0
0 0
1 1
2 1
1 1 4
1 1
0 1
1 0
2 0
1 1 4
1 1
0 1
2 0
2 2
0
200
0
6
1
5
9
5
9
6
9
7
7
1
4
0
5
5
3
5
8
3
8
4
2
2
6
7
2
1
7
6
7
2
4
9
4
3
6
4
0
2
6
0
8
4
6
4
0
4
8
5
4
5
7
1
7
3
4
9
2
7
2
7
9
1
1
1
2
2
5
5
5
2
6
0
3
4
8
9
1
5
1
6
3
1
6
2
5
2
8
3
3
3
9
3
0
2
9
7
3
0
2
9
9
2
3
0
7
7
2
8
3
6
4
5
2
3
7
6
5
7
0
8
1
7
0
3
2
5
3
8
5
5
1
1
1
2
7
0
2
5
8
4
3
8
5
7
2
9
6
7
5
6
4
5
5
5
6
6
9
3
4
7
1
4
2
6
5
8
2
1
4
0
7
0
3
9
2
6
0
2
6
6
3
2
3
3
4
0
1
3
2
2
4
9
2
1
4
3
6
6
5
3 031
7 3312331
6 612003
51 322334232440234261200326036204342342433442660323231
10 0234243243
