15 10
10
1 0 4
1 0
0 0
2 0
3 0
1 1 4
1 1
0 1
2 1
3 0
1 0 4
1 0
0 0
2 0
2 1
1 1 4
1 1
0 1
2 1
2 0
1 0 4
1 0
0 0
2 0
1 1
0 1 4
0 1
0 0
1 1
2 0
1 1 4
1 1
0 1
2 0
3 0
1 0 4
1 0
0 0
1 1
2 1
1 1 4
1 1
0 1
1 0
2 0
1 1 4
1 1
0 1
2 0
2 2
0
200
0
5
3
5
0
3
3
4
9
8
9
9
4
9
8
9
5
2
1
8
7
1
5
2
1
7
8
1
8
3
3
0
7
4
0
1
5
6
5
0
8
5
8
9
2
9
6
1
5
2
4
1
6
8
6
4
9
6
7
8
7
7
5
9
0
3
6
1
5
3
5
5
0
2
2
4
8
6
7
5
1
2
9
6
5
7
3
7
9
5
5
6
6
3
2
0
5
6
6
0
6
0
2
4
5
9
8
6
6
6
2
8
1
6
9
8
4
8
9
5
9
2
2
6
7
3
5
7
3
4
7
8
3
9
1
9
1
8
5
1
9
3
9
4
0
9
5
6
6
1
4
6
0
8
0
5
6
6
1
4
1
0
8
0
3
1
7
2
7
6
2
3
5
2
6
4
4
0
7
2
9
9
9
7
9
5
6
3
9
6
6
7
1
9
4
7
0
4
1
3
