30 30
26
0 0 1
0 0
0 0 1
0 0
0 0 1
0 0
0 0 1
0 0
0 0 1
0 0
0 0 1
0 0
0 0 1
0 0
0 0 1
0 0
0 0 1
0 0
0 0 1
0 0
3 0 1
0 0
3 0 1
0 0
3 0 1
0 0
3 0 1
0 0
3 0 1
0 0
3 0 1
0 0
3 0 1
0 0
3 0 1
0 0
3 0 1
0 0
3 0 1
0 0
2 2 17
1 0
2 0
3 0
0 1
1 1
2 1
3 1
0 2
2 2
4 2
0 3
1 3
2 3
3 3
0 4
2 4
4 4
2 2 9
1 0
1 1
2 2
1 3
2 3
1 4
3 4
0 5
3 5
2 2 9
1 0
1 1
2 2
1 3
2 3
1 4
3 4
0 5
3 5
2 2 9
1 0
1 1
2 2
1 3
2 3
1 4
3 4
0 5
3 5
2 2 9
1 0
1 1
2 2
1 3
2 3
1 4
3 4
0 5
3 5
2 2 9
1 0
1 1
2 2
1 3
2 3
1 4
3 4
0 5
3 5
178
9 6
12 6
6 7
7 7
8 7
9 7
10 7
11 7
13 7
15 7
4 8
5 8
6 8
7 8
8 8
9 8
10 8
11 8
12 8
13 8
14 8
15 8
5 9
6 9
8 9
10 9
11 9
12 9
13 9
14 9
15 9
16 9
21 9
22 9
24 9
26 9
27 9
7 10
8 10
9 10
10 10
11 10
16 10
23 10
24 10
25 10
26 10
27 10
28 10
29 10
24 11
26 11
27 11
10 21
14 21
18 21
10 22
15 22
19 22
3 23
9 23
10 23
14 23
19 23
26 23
3 24
4 24
9 24
10 24
14 24
15 24
19 24
20 24
23 24
26 24
2 25
3 25
4 25
8 25
9 25
14 25
19 25
20 25
22 25
23 25
25 25
26 25
2 26
3 26
4 26
5 26
8 26
9 26
11 26
14 26
15 26
20 26
21 26
23 26
24 26
25 26
26 26
28 26
29 26
0 27
1 27
3 27
5 27
6 27
8 27
9 27
10 27
11 27
12 27
13 27
14 27
17 27
18 27
20 27
21 27
22 27
23 27
24 27
25 27
26 27
27 27
29 27
0 28
1 28
2 28
3 28
4 28
5 28
6 28
8 28
9 28
10 28
11 28
12 28
13 28
14 28
15 28
16 28
17 28
19 28
20 28
21 28
22 28
23 28
24 28
26 28
27 28
28 28
29 28
0 29
1 29
2 29
3 29
4 29
5 29
6 29
7 29
9 29
11 29
12 29
14 29
16 29
18 29
19 29
21 29
22 29
23 29
24 29
25 29
26 29
27 29
28 29
29 29
1000
0
0
18
4
17
14
1
3
7
6
12
15
12
17
8
1
5
24
25
2
7
8
1
3
19
12
17
10
20
12
19
20
7
24
24
17
8
8
23
3
2
1
8
9
19
16
9
4
25
0
1
7
4
25
11
9
15
2
2
14
22
23
24
1
5
5
3
4
4
24
11
20
6
15
12
2
8
15
15
6
3
22
14
15
17
18
9
21
6
10
3
10
20
10
7
16
0
19
2
20
1
24
4
17
24
12
18
23
23
18
8
20
4
5
7
3
17
11
5
4
18
20
16
2
24
7
4
10
10
18
25
2
15
0
12
22
23
8
9
20
19
4
12
2
8
18
10
15
17
6
7
12
16
2
22
23
21
1
15
8
2
3
16
14
19
8
5
2
13
1
19
18
1
11
9
2
23
15
20
24
1
8
18
22
21
15
24
16
15
0
25
25
25
4
14
5
8
2
18
4
23
2
8
1
25
15
14
18
6
9
11
23
10
9
0
10
11
9
2
25
18
4
22
10
14
12
22
15
19
0
3
3
16
17
9
19
20
8
7
1
20
14
25
11
23
2
25
23
9
15
20
13
10
9
18
5
23
6
0
9
8
23
12
6
0
3
22
1
19
6
12
3
19
7
11
1
18
9
22
5
8
5
22
18
14
13
10
8
16
22
2
21
7
9
14
24
0
19
4
4
18
15
18
16
0
12
7
20
2
11
17
5
0
6
20
19
23
17
17
6
15
18
14
20
9
10
17
4
11
7
23
2
0
15
12
18
6
14
16
21
8
14
16
20
6
8
19
4
5
2
8
7
8
8
4
5
25
6
16
2
3
5
1
5
8
25
0
13
5
18
4
6
6
20
12
15
5
7
22
16
8
6
3
12
19
2
1
7
0
11
18
3
0
3
23
20
22
7
4
4
8
6
1
10
21
5
9
13
23
24
5
0
18
16
16
2
13
10
6
1
9
1
24
13
9
19
9
16
17
3
13
23
22
25
0
10
20
23
0
7
8
13
14
11
20
18
19
24
1
4
21
11
10
6
8
24
15
14
19
1
4
23
11
15
19
17
1
15
25
19
5
6
13
25
2
2
6
4
2
17
22
9
20
6
13
7
15
3
21
6
8
0
23
3
6
5
17
17
6
22
12
19
8
2
1
25
11
22
24
0
6
11
4
21
23
12
21
6
18
3
24
3
25
5
10
11
24
16
1
11
8
16
16
1
12
16
11
15
11
0
23
12
9
19
6
10
5
14
5
0
7
18
6
21
15
4
0
15
4
7
10
4
16
4
18
24
25
7
19
16
11
20
6
22
11
19
14
22
9
6
1
3
24
2
19
4
3
19
2
19
15
11
7
11
3
6
21
16
25
6
7
15
13
23
5
5
6
16
1
23
1
11
22
18
10
0
12
8
10
0
3
23
18
5
9
3
24
15
2
0
11
8
13
25
1
16
16
11
11
16
2
13
15
6
8
6
3
2
16
11
7
18
9
20
8
16
10
11
24
1
21
15
20
2
0
15
2
20
14
13
10
18
21
8
25
7
8
11
5
3
21
5
1
7
0
8
22
4
12
17
4
9
14
3
24
3
19
9
25
16
7
4
11
11
7
22
6
19
9
8
3
4
16
16
21
16
10
11
18
16
20
14
7
11
18
11
25
9
7
8
18
19
19
0
7
13
6
16
24
0
15
11
6
10
12
7
11
24
19
25
16
6
25
20
14
2
8
1
21
3
3
18
7
4
18
7
5
18
11
12
11
15
5
2
7
6
3
4
19
13
1
2
0
20
1
15
15
25
0
8
22
21
19
11
18
11
23
13
5
15
3
10
16
6
4
0
8
25
20
9
23
11
8
12
17
7
1
22
18
24
15
4
1
18
17
7
7
11
13
4
15
18
16
20
4
8
5
21
13
9
19
2
10
22
4
5
14
6
4
18
3
10
20
19
1
14
7
18
1
2
4
7
0
20
23
6
15
24
20
19
10
21
15
25
9
0
25
22
19
17
0
24
21
7
25
13
18
3
23
10
15
22
14
8
0
0
11
10
5
3
9
16
3
21
21
4
21
0
3
11
6
24
12
25
16
0
7
6
2
17
8
1
21
14
7
14
15
5
10
10
5
2
15
8
17
12
23
5
19
20
16
10
19
0
17
19
14
15
15
24
9
13
9
15
1
17
16
23
0
16
9
9
13
24
19
12
18
16
18
1
10
5
24
17
7
25
9
6
10
5
23
23
22
7
18
23
14
9
11
22
21
20
25
11
17
5
25
15
14
22
