15 10
10
1 0 4
1 0
0 0
2 0
3 0
1 1 4
1 1
0 1
2 1
3 0
1 0 4
1 0
0 0
2 0
2 1
1 1 4
1 1
0 1
2 1
2 0
1 0 4
1 0
0 0
2 0
1 1
0 1 4
0 1
0 0
1 1
2 0
1 1 4
1 1
0 1
2 0
3 0
1 0 4
1 0
0 0
1 1
2 1
1 1 4
1 1
0 1
1 0
2 0
1 1 4
1 1
0 1
2 0
2 2
0
200
0
6
2
9
6
0
7
4
1
5
2
5
0
4
2
8
0
2
5
2
4
4
2
3
9
8
1
8
5
1
1
2
6
8
6
3
2
2
6
3
9
2
6
7
4
9
0
8
2
3
8
6
4
8
8
3
2
3
4
0
3
1
1
6
6
3
3
0
7
5
6
6
1
9
8
4
9
1
9
1
6
8
5
5
8
7
4
2
1
1
8
0
8
1
4
9
9
0
1
0
3
0
2
0
9
2
2
0
2
7
1
8
3
6
5
7
4
7
1
0
5
8
9
7
2
9
6
9
6
3
2
9
4
9
6
7
1
5
4
7
4
4
6
7
9
8
7
7
7
7
3
8
3
9
7
2
4
0
0
0
2
9
4
0
1
0
8
7
0
5
1
1
6
4
4
0
1
5
7
9
1
8
7
1
6
9
8
9
8
7
9
3
4
1
2
7
7
8
5
9
5
3 031
7 3312331
6 612003
51 322334232440234261200326036204342342433442660323231
10 0234243243
