40 100
54
2 2 11
0 0
1 0
2 0
3 0
1 1
1 2
1 3
0 4
1 4
2 4
3 4
4 0 1
0 0
4 0 1
0 0
4 0 1
0 0
4 0 1
0 0
4 0 1
0 0
4 0 1
0 0
4 0 1
0 0
4 0 1
0 0
4 0 1
0 0
4 0 1
0 0
4 0 1
0 0
4 0 1
0 0
4 0 1
0 0
4 0 1
0 0
4 0 1
0 0
4 0 1
0 0
4 0 1
0 0
4 0 1
0 0
4 0 1
0 0
2 2 11
0 0
1 0
2 0
2 1
1 2
2 2
0 3
0 4
1 4
2 4
3 4
4 0 1
0 0
4 0 1
0 0
2 2 9
1 0
2 0
3 0
0 1
0 2
0 3
1 4
2 4
3 4
4 0 1
0 0
4 0 1
0 0
4 0 1
0 0
4 0 2
0 0
1 0
4 0 2
0 0
1 0
4 0 2
0 0
1 0
4 0 2
0 0
1 0
4 0 2
0 0
1 0
1 3 9
0 0
1 0
2 0
0 1
0 2
1 2
2 2
0 3
0 4
4 0 2
0 0
1 0
4 0 2
0 0
1 0
2 2 13
0 0
1 0
2 0
3 0
0 1
1 2
2 2
3 2
3 3
0 4
1 4
2 4
3 4
4 0 2
0 0
1 0
4 0 2
0 0
1 0
4 0 2
0 0
1 0
4 0 2
0 0
1 0
4 0 2
0 0
1 0
4 0 2
0 0
1 0
4 0 2
0 0
1 0
2 2 9
2 0
3 0
2 1
2 2
1 3
0 4
1 4
2 4
3 4
4 0 2
0 0
1 0
4 0 3
0 0
1 0
2 0
4 0 3
0 0
1 0
2 0
1 2 10
0 0
1 0
2 0
0 1
2 1
0 2
1 2
2 2
0 3
0 4
4 0 3
0 0
1 0
2 0
4 0 3
0 0
1 0
2 0
4 0 3
0 0
1 0
2 0
4 0 3
0 0
1 0
2 0
4 0 3
0 0
1 0
2 0
2 2 13
1 0
2 0
3 0
0 1
3 1
0 2
4 2
0 3
3 3
1 4
2 4
3 4
2 2
262
14 10
13 11
14 12
13 13
14 14
13 15
14 16
44 16
45 16
46 16
12 17
13 17
14 17
15 17
42 17
43 17
46 17
47 17
11 18
12 18
16 18
17 18
41 18
42 18
48 18
49 18
50 18
10 19
17 19
41 19
49 19
11 20
12 20
16 20
17 20
41 20
49 20
12 21
15 21
41 21
49 21
13 22
15 22
41 22
49 22
77 22
78 22
79 22
80 22
81 22
82 22
98 22
99 22
9 23
10 23
11 23
12 23
15 23
16 23
17 23
30 23
31 23
32 23
33 23
34 23
35 23
41 23
49 23
76 23
82 23
98 23
10 24
17 24
31 24
35 24
41 24
49 24
73 24
74 24
75 24
77 24
82 24
98 24
9 25
17 25
30 25
35 25
41 25
49 25
51 25
52 25
53 25
69 25
72 25
75 25
76 25
82 25
98 25
10 26
17 26
31 26
35 26
41 26
50 26
51 26
54 26
55 26
56 26
69 26
70 26
72 26
82 26
83 26
98 26
0 27
1 27
2 27
3 27
9 27
17 27
30 27
35 27
41 27
55 27
67 27
68 27
70 27
71 27
83 27
89 27
90 27
91 27
98 27
4 28
10 28
17 28
18 28
19 28
20 28
31 28
35 28
41 28
56 28
57 28
68 28
83 28
87 28
88 28
89 28
92 28
93 28
94 28
95 28
98 28
3 29
9 29
20 29
30 29
35 29
41 29
56 29
67 29
83 29
84 29
85 29
86 29
95 29
96 29
98 29
4 30
10 30
20 30
31 30
35 30
41 30
57 30
68 30
97 30
98 30
3 31
9 31
20 31
30 31
35 31
41 31
56 31
65 31
66 31
67 31
4 32
10 32
20 32
24 32
25 32
26 32
31 32
36 32
37 32
41 32
57 32
63 32
64 32
65 32
4 33
7 33
8 33
9 33
20 33
22 33
23 33
24 33
25 33
26 33
27 33
30 33
37 33
38 33
39 33
41 33
56 33
63 33
4 34
7 34
20 34
22 34
28 34
31 34
39 34
41 34
57 34
63 34
4 35
6 35
20 35
22 35
28 35
29 35
30 35
39 35
40 35
56 35
58 35
59 35
60 35
61 35
62 35
5 36
6 36
7 36
20 36
22 36
57 36
59 36
20 37
22 37
57 37
58 37
20 38
22 38
20 39
21 39
22 39
1620
0
23
32
47
20
53
43
35
49
11
53
25
48
35
17
16
14
23
14
49
42
3
13
26
44
26
1
4
53
21
19
35
14
14
38
45
34
17
13
12
10
4
38
33
47
47
21
15
44
25
30
2
26
36
16
13
45
34
8
45
51
26
41
33
51
1
47
35
49
46
5
8
43
52
0
41
1
32
10
45
34
44
13
25
31
34
16
41
3
46
3
45
33
45
26
42
4
19
8
1
42
21
53
11
5
10
1
20
52
15
10
44
24
39
19
50
0
39
7
53
15
46
29
4
28
31
9
18
24
27
20
24
11
8
27
30
28
41
18
7
22
47
37
42
15
7
5
48
45
41
41
36
42
53
30
32
21
36
41
41
50
51
29
35
30
24
14
10
32
36
16
24
23
27
23
15
24
11
48
1
44
51
12
48
5
33
14
25
53
21
6
16
3
34
34
23
41
18
23
31
30
11
47
3
37
42
46
50
15
50
28
11
0
11
0
5
52
13
42
53
31
20
8
9
25
8
46
23
53
33
9
11
36
47
21
13
2
16
22
21
38
6
30
9
38
0
21
33
5
24
45
50
37
27
13
12
36
13
31
25
5
0
26
43
52
44
19
3
51
11
33
8
26
38
10
29
40
40
1
52
16
0
40
35
41
51
30
32
49
21
9
4
35
41
48
18
17
8
36
43
11
38
3
17
35
40
7
16
22
7
29
29
29
44
22
22
39
13
1
43
44
36
19
31
37
51
5
10
47
10
45
22
46
23
43
14
7
32
42
6
26
6
52
9
32
18
39
24
10
45
52
11
33
53
48
18
30
26
47
22
17
47
7
36
26
15
34
53
10
35
33
2
3
2
17
48
11
15
31
46
35
18
26
46
53
48
47
30
46
13
48
26
29
9
24
11
16
29
53
6
39
50
9
2
15
37
0
33
17
21
21
0
26
16
16
43
24
1
13
5
5
34
24
38
45
10
12
3
24
12
46
39
7
16
7
36
22
41
11
36
23
5
24
12
9
52
4
50
27
38
36
45
26
46
25
14
4
47
38
40
50
35
21
18
38
24
12
17
21
25
27
1
47
32
10
42
46
40
28
31
22
50
4
38
15
8
31
48
36
44
39
10
37
6
21
14
44
48
38
36
12
19
25
48
7
52
22
4
44
1
35
47
35
26
16
45
46
10
13
36
39
16
49
29
35
34
21
7
39
36
25
51
46
52
13
26
28
50
41
33
52
46
49
4
49
11
11
14
38
29
50
12
34
40
13
22
50
9
51
7
32
4
50
15
35
27
20
7
14
2
23
49
28
35
0
10
42
0
24
0
28
49
35
4
33
49
50
47
27
53
20
8
13
27
40
24
39
9
31
40
25
1
31
9
10
23
48
49
40
29
15
16
30
7
34
29
36
38
42
9
22
51
33
4
34
49
19
1
23
25
42
3
52
19
22
7
42
24
44
51
10
34
48
6
40
21
17
33
44
20
28
45
10
42
30
3
30
26
30
34
13
14
36
47
53
25
16
14
52
29
41
3
19
44
27
30
46
12
45
16
43
36
29
23
3
34
26
23
50
18
30
50
28
39
30
2
18
46
8
2
29
4
29
24
30
51
50
12
32
25
1
36
34
6
31
29
9
51
26
1
6
19
9
44
36
20
28
32
26
3
19
9
40
32
26
38
27
48
29
50
9
7
44
53
44
9
30
43
15
36
46
49
0
14
40
36
35
38
21
15
9
13
11
20
7
50
20
40
36
8
17
8
2
19
43
11
50
1
21
47
49
40
11
29
41
23
46
35
36
48
24
1
12
43
34
5
6
25
52
34
35
24
21
8
29
9
50
46
36
20
21
14
23
31
32
3
45
15
47
19
43
5
39
43
41
0
39
7
36
28
22
18
20
21
40
15
50
2
27
51
21
17
35
6
38
24
15
33
30
45
29
45
2
42
36
35
22
48
9
7
7
42
0
34
32
19
38
39
17
26
25
50
20
45
36
33
37
23
46
33
52
44
51
33
48
42
46
33
14
24
13
1
35
12
3
50
43
35
52
4
31
42
27
48
39
46
16
53
33
42
6
5
20
49
46
10
16
22
6
44
27
19
45
28
43
20
48
4
29
17
38
32
41
40
51
17
48
48
1
36
45
49
36
39
21
27
39
39
47
52
1
18
11
14
51
21
35
39
21
9
24
50
7
51
37
9
24
20
32
6
2
42
28
22
47
33
14
31
47
35
2
49
8
10
29
52
13
25
51
4
12
19
27
10
0
25
1
48
6
44
45
38
22
1
11
16
19
26
34
10
32
53
18
21
5
29
8
42
8
33
30
32
34
53
24
20
19
38
29
43
40
29
27
39
19
31
5
45
0
20
6
8
50
33
6
27
32
37
52
19
49
47
33
30
15
2
47
35
35
4
28
23
35
30
21
44
14
36
35
40
42
3
16
46
18
34
31
47
52
37
43
15
47
10
6
53
1
44
17
51
52
20
46
28
1
53
8
18
40
15
1
40
35
35
52
32
3
12
44
6
52
3
53
5
3
18
53
34
46
29
27
32
5
50
23
27
27
30
17
32
21
20
25
3
5
10
16
30
51
19
53
37
16
50
16
37
1
37
34
43
43
41
9
27
37
42
50
18
36
34
20
33
18
43
29
1
22
2
37
21
31
16
8
26
3
30
13
12
39
49
27
51
3
22
31
36
40
8
10
52
19
47
35
9
21
52
36
10
18
31
24
50
20
12
3
16
18
17
43
14
19
4
23
12
2
5
48
18
3
8
25
14
28
47
28
43
45
33
9
42
17
32
29
15
50
18
31
13
23
39
22
5
11
26
23
18
36
2
50
52
1
14
31
21
9
20
7
51
3
2
1
42
33
41
14
0
44
39
0
10
41
46
12
19
34
15
35
52
7
40
11
15
0
16
41
38
33
46
35
52
29
13
51
4
50
30
9
44
11
53
30
49
1
36
25
41
7
25
29
35
42
35
8
42
9
53
21
36
23
16
8
22
44
41
6
9
2
5
29
41
3
6
18
53
35
7
38
23
34
23
12
19
9
18
1
26
35
23
37
15
51
17
12
18
51
18
9
13
34
40
47
48
28
41
51
25
3
4
6
43
52
15
4
18
10
53
2
20
44
3
33
28
14
29
49
51
36
31
37
32
37
27
0
4
15
2
33
42
36
41
11
11
14
6
35
9
30
31
14
7
52
11
10
23
39
45
52
31
21
24
27
7
35
0
15
2
27
35
30
25
15
4
51
0
30
23
26
32
0
22
45
11
0
20
37
2
0
7
53
27
0
34
51
33
35
7
24
31
3
22
33
12
3
19
44
0
17
34
3
28
10
19
34
43
23
44
28
50
42
9
18
19
18
44
1
12
18
52
45
44
2
35
26
26
34
20
11
43
53
39
19
29
10
30
19
10
18
24
31
52
40
51
42
46
45
8
46
34
2
4
24
46
52
4
23
32
18
29
28
15
19
19
42
19
25
8
2
3
43
14
22
1
8
15
14
26
17
31
0
14
6
35
47
49
25
49
41
25
27
48
7
19
14
1
6
29
35
31
10
53
4
13
48
44
2
22
26
16
31
29
21
34
50
27
5
52
32
5
2
40
38
5
13
21
38
45
40
34
44
35
21
27
21
33
51
37
1
48
20
3
34
34
50
47
53
38
53
4
0
42
5
3 031
7 3312331
6 612003
51 322334232440234261200326036204342342433442660323231
10 0234243243
