15 10
10
1 0 4
1 0
0 0
2 0
3 0
1 1 4
1 1
0 1
2 1
3 0
1 0 4
1 0
0 0
2 0
2 1
1 1 4
1 1
0 1
2 1
2 0
1 0 4
1 0
0 0
2 0
1 1
0 1 4
0 1
0 0
1 1
2 0
1 1 4
1 1
0 1
2 0
3 0
1 0 4
1 0
0 0
1 1
2 1
1 1 4
1 1
0 1
1 0
2 0
1 1 4
1 1
0 1
2 0
2 2
0
200
0
7
0
7
4
1
5
2
7
3
0
6
6
5
6
6
4
2
3
8
7
5
6
8
3
8
2
2
7
5
9
4
6
0
6
4
2
1
7
6
2
7
2
1
0
9
2
0
8
9
2
7
8
1
2
6
8
2
0
9
4
7
1
3
9
6
0
2
8
9
1
8
2
2
6
4
0
9
1
8
1
2
9
7
8
6
1
9
4
3
9
7
4
9
9
1
8
4
0
3
8
7
6
8
3
7
3
9
1
1
1
4
3
7
7
6
7
1
5
6
5
5
0
3
2
0
4
0
1
5
7
7
0
2
8
1
7
1
0
3
4
8
5
5
3
1
9
2
7
6
3
3
3
3
5
3
3
5
2
5
4
1
2
2
7
8
3
5
1
1
3
4
8
6
4
9
0
6
7
5
1
3
2
0
9
1
8
4
7
5
0
4
5
0
1
0
3
9
6
2
