15 10
10
1 0 4
1 0
0 0
2 0
3 0
1 1 4
1 1
0 1
2 1
3 0
1 0 4
1 0
0 0
2 0
2 1
1 1 4
1 1
0 1
2 1
2 0
1 0 4
1 0
0 0
2 0
1 1
0 1 4
0 1
0 0
1 1
2 0
1 1 4
1 1
0 1
2 0
3 0
1 0 4
1 0
0 0
1 1
2 1
1 1 4
1 1
0 1
1 0
2 0
1 1 4
1 1
0 1
2 0
2 2
0
200
0
6
7
4
2
4
1
4
3
0
9
0
5
3
9
1
5
0
7
3
0
1
2
7
9
0
4
9
4
0
9
6
4
2
0
1
9
4
6
7
9
4
7
8
5
1
5
7
1
5
2
1
7
8
0
0
3
3
4
3
0
8
4
9
0
1
8
0
7
8
9
5
0
6
2
7
0
0
0
7
4
5
9
9
3
4
7
5
9
9
1
4
1
8
9
5
7
0
0
3
0
7
1
8
0
7
5
9
0
9
7
3
7
7
0
6
7
4
0
8
9
5
5
5
1
0
8
6
7
5
6
8
7
9
9
9
9
7
0
2
3
8
0
5
6
5
9
2
5
5
5
9
9
4
2
4
4
7
3
5
6
8
7
1
8
3
7
2
9
5
6
0
6
6
5
7
7
3
3
3
9
2
8
6
4
3
1
1
7
5
1
2
5
9
9
2
1
3
0
3
