30 15
33
1 2 5
2 0
1 1
1 2
0 3
0 4
1 1 5
3 0
2 0
1 1
1 2
0 3
1 1 5
2 1
2 0
1 1
1 2
0 3
1 1 5
1 0
2 0
1 1
1 2
0 3
0 2 5
1 0
1 1
1 2
0 3
0 4
1 1 5
2 2
1 1
2 0
1 2
0 3
1 1 5
3 0
2 1
1 1
1 2
0 3
1 1 5
3 0
2 0
1 0
0 1
0 2
1 1 5
2 1
2 0
1 0
0 1
0 2
1 1 5
1 1
2 0
1 0
0 1
0 2
1 1 5
0 0
1 0
2 0
0 1
0 2
1 1 5
1 0
1 1
2 1
1 2
0 3
1 1 5
1 2
0 1
2 0
1 0
0 2
1 1 5
0 1
1 1
3 0
2 0
1 2
1 1 5
0 3
0 2
2 0
1 0
0 1
1 1 5
0 2
1 2
3 0
2 0
1 1
1 1 5
2 1
1 1
1 0
0 1
0 2
1 1 5
2 2
1 1
1 0
0 1
0 2
0 1 5
1 2
1 1
1 0
0 1
0 2
0 1 5
0 0
1 0
1 1
0 1
0 2
1 1 5
0 1
1 1
2 1
2 0
1 2
0 1 5
0 3
0 2
1 1
1 0
0 1
0 1 5
1 0
0 1
1 1
1 2
0 3
0 1 5
0 3
0 2
0 0
1 0
0 1
0 2 5
1 0
0 1
1 2
0 3
0 4
0 1 5
0 0
1 0
1 1
1 2
0 3
0 2 5
1 4
0 3
1 0
1 1
1 2
1 1 5
3 0
2 0
1 1
0 1
0 2
1 1 5
2 0
2 1
2 2
1 2
0 3
1 1 5
2 2
1 1
2 0
0 1
0 2
1 1 5
2 2
2 1
2 0
1 0
0 1
1 1 5
0 0
0 1
2 2
1 1
0 2
1 0 5
0 1
1 1
3 1
3 0
2 0
0
100
0
1
19
2
4
25
7
2
5
4
32
17
19
2
20
4
9
31
30
26
27
27
16
20
27
27
23
30
21
29
27
18
19
31
24
13
17
3
9
28
27
8
30
16
1
11
23
16
7
18
0
31
16
27
5
11
22
5
29
29
30
32
11
21
5
22
13
5
16
8
7
10
2
13
19
9
15
31
5
31
29
31
6
13
31
26
22
6
16
6
17
29
28
13
27
15
10
32
0
8
5
3 031
7 3312331
6 612003
51 322334232440234261200326036204342342433442660323231
10 0234243243
