20 30
14
1 0 2
0 0
2 0
0 1 3
1 0
0 1
0 2
1 0 3
2 0
1 0
0 1
0 0 3
1 1
1 0
0 1
1 1 4
2 0
1 1
1 2
0 3
1 1 4
2 0
1 0
0 1
0 2
0 1 4
1 1
1 0
0 1
0 2
0 1 4
0 0
1 0
0 1
0 2
0 1 4
1 0
1 1
1 2
0 3
1 1 4
2 0
1 1
0 1
0 2
1 0 4
2 1
2 0
1 0
0 1
1 0 4
1 1
2 0
1 0
0 1
0 1 4
0 0
0 1
1 1
0 2
1 0 4
0 1
1 1
3 0
2 0
52
2 5
3 5
4 5
5 5
11 5
16 5
17 5
18 5
19 5
25 5
4 6
11 6
18 6
25 6
4 7
11 7
18 7
25 7
4 8
11 8
18 8
25 8
4 9
7 9
8 9
11 9
18 9
21 9
22 9
25 9
4 10
7 10
9 10
18 10
21 10
23 10
2 11
3 11
4 11
5 11
7 11
8 11
9 11
11 11
16 11
17 11
18 11
19 11
21 11
22 11
23 11
25 11
100
0
6
2
5
13
6
3
7
10
11
1
7
5
12
13
1
9
0
5
1
12
4
6
11
7
2
11
9
2
13
5
7
13
5
3
5
8
12
10
5
12
0
10
13
8
3
7
7
4
3
6
6
10
7
3
5
1
6
13
12
11
7
2
9
13
10
7
9
0
12
13
1
0
11
11
5
9
12
4
8
13
8
3
9
12
7
0
7
3
10
5
6
3
13
8
9
9
8
0
3
