20 15
11
4 0 1
0 0
4 0 1
0 0
4 0 1
0 0
4 0 1
0 0
4 0 1
0 0
4 0 1
0 0
4 0 1
0 0
4 0 1
0 0
3 5 6
1 0
2 0
0 1
2 1
1 2
2 2
3 5 6
1 0
2 0
0 1
2 1
1 2
2 2
8 6 12
1 0
2 0
3 0
0 1
3 1
0 2
4 2
0 3
3 3
1 4
2 4
3 4
0
100
0
7
0
5
9
10
10
5
2
5
0
0
2
4
7
0
7
4
4
3
10
7
8
9
9
2
8
3
1
5
9
8
9
2
7
0
6
9
3
3
9
4
10
4
8
3
0
2
1
3
4
6
0
9
6
6
5
6
8
5
1
0
10
10
7
9
4
8
4
8
1
6
6
0
7
4
8
5
3
4
7
1
4
7
8
1
9
6
5
4
3
0
5
4
1
3
3
2
2
9
5
3 031
7 3312331
6 612003
51 322334232440234261200326036204342342433442660323231
10 0234243243
