8 10
8
1 0 4
0 0
1 0
2 0
3 0
0 0 1
0 0
0 0 1
0 0
0 0 1
0 0
0 0 1
0 0
0 0 1
0 0
0 0 1
0 0
0 0 1
0 0
0
400
0
3
7
7
4
5
2
2
2
7
1
4
2
7
2
7
1
4
6
1
0
3
1
0
1
7
5
1
1
1
6
5
4
5
4
3
3
1
3
3
5
4
2
7
1
3
5
2
0
2
2
6
2
4
6
7
7
2
5
1
1
6
3
2
4
5
6
7
5
5
0
0
3
5
6
2
1
5
2
0
6
1
0
0
3
1
2
7
2
6
4
4
7
4
7
5
7
2
6
4
3
2
2
0
3
0
6
3
2
5
1
6
5
1
7
7
3
3
7
6
4
0
2
2
1
4
1
6
7
4
3
3
3
7
0
3
4
7
1
3
4
4
3
7
4
3
0
2
2
1
4
4
3
2
0
2
0
7
1
4
3
3
5
1
6
4
3
3
0
1
7
2
6
0
0
1
3
6
2
2
7
3
2
3
1
2
6
5
4
4
0
0
3
7
5
1
4
1
2
6
5
7
2
7
2
3
7
5
2
1
6
7
4
1
1
1
4
2
2
3
5
3
5
2
6
0
3
1
5
6
5
5
5
7
7
3
6
4
0
2
0
6
3
0
7
3
7
6
6
1
7
3
4
4
0
1
6
7
6
1
1
3
5
7
6
3
0
6
4
4
4
1
7
5
1
7
2
2
6
4
5
0
2
6
6
7
2
6
1
3
6
3
0
1
2
6
1
2
4
7
2
1
2
2
5
4
1
1
3
5
6
1
2
5
5
4
6
5
3
1
1
4
3
5
2
7
2
0
6
4
4
7
2
5
3
5
4
5
3
1
4
3
6
5
5
2
0
4
3
4
2
1
4
2
7
0
7
5
0
5
6
1
7
6
2
7
6
1
2
7
6
5
3
7
6
2
6
5
2
7
5
6
7
7
4
5
7
3
7
3
1
6
7
2
6
3
3
7
4
7
