15 10
10
1 0 4
1 0
0 0
2 0
3 0
1 1 4
1 1
0 1
2 1
3 0
1 0 4
1 0
0 0
2 0
2 1
1 1 4
1 1
0 1
2 1
2 0
1 0 4
1 0
0 0
2 0
1 1
0 1 4
0 1
0 0
1 1
2 0
1 1 4
1 1
0 1
2 0
3 0
1 0 4
1 0
0 0
1 1
2 1
1 1 4
1 1
0 1
1 0
2 0
1 1 4
1 1
0 1
2 0
2 2
0
200
0
9
2
1
6
2
0
6
6
7
0
1
0
3
5
2
0
7
2
8
9
8
2
8
3
5
7
4
5
7
8
4
2
4
2
1
3
8
8
7
0
6
8
5
3
9
4
2
2
3
0
5
2
5
7
6
6
5
7
8
9
5
5
7
7
2
8
4
6
5
9
6
3
8
6
5
9
5
0
6
1
5
3
5
9
3
3
1
3
8
9
1
8
0
2
5
1
5
3
5
2
1
2
0
1
0
5
4
6
6
6
6
6
7
7
9
0
7
2
3
9
2
2
0
8
3
5
2
9
9
3
2
9
7
2
5
9
4
3
7
4
6
2
1
7
7
2
4
2
7
1
6
0
5
2
3
2
1
5
3
1
8
2
8
0
7
1
8
3
8
6
9
5
3
6
9
0
3
8
3
3
8
4
7
7
5
3
3
1
7
0
7
8
9
5
4
3
1
3
0
