15 10
10
1 0 4
1 0
0 0
2 0
3 0
1 1 4
1 1
0 1
2 1
3 0
1 0 4
1 0
0 0
2 0
2 1
1 1 4
1 1
0 1
2 1
2 0
1 0 4
1 0
0 0
2 0
1 1
0 1 4
0 1
0 0
1 1
2 0
1 1 4
1 1
0 1
2 0
3 0
1 0 4
1 0
0 0
1 1
2 1
1 1 4
1 1
0 1
1 0
2 0
1 1 4
1 1
0 1
2 0
2 2
0
200
0
3
7
2
1
4
6
7
4
2
6
9
6
3
4
4
0
1
4
3
5
4
1
1
3
3
7
4
4
9
0
5
9
2
0
1
8
7
8
4
7
9
9
6
5
0
4
4
4
1
2
6
3
6
4
4
1
5
9
3
5
7
7
8
3
0
5
5
1
9
3
7
9
7
0
8
7
7
2
8
1
8
7
6
7
5
4
8
0
6
1
4
4
1
2
6
8
8
7
9
8
6
8
7
3
0
7
5
7
6
9
1
3
6
8
4
4
7
1
4
3
3
4
0
2
7
4
9
2
1
8
0
6
1
0
5
9
0
3
2
1
1
2
2
2
9
0
0
7
0
4
2
0
1
9
5
2
1
8
9
5
7
9
5
5
4
5
7
0
8
6
0
0
8
1
7
6
8
7
8
0
7
7
1
2
8
4
6
4
5
1
2
5
8
5
8
7
1
1
0
5
3 031
7 3312331
6 612003
51 322334232440234261200326036204342342433442660323231
10 0234243243
