20 15
11
4 0 1
0 0
4 0 1
0 0
4 0 1
0 0
4 0 1
0 0
4 0 1
0 0
4 0 1
0 0
4 0 1
0 0
4 0 1
0 0
3 5 6
1 0
2 0
0 1
2 1
1 2
2 2
3 5 6
1 0
2 0
0 1
2 1
1 2
2 2
8 6 12
1 0
2 0
3 0
0 1
3 1
0 2
4 2
0 3
3 3
1 4
2 4
3 4
0
100
0
0
7
0
7
0
9
7
7
0
6
7
3
5
1
0
3
6
9
10
6
3
7
9
8
9
1
10
2
0
7
8
2
8
7
10
7
8
10
10
2
5
4
10
10
0
8
9
5
7
9
9
2
4
3
1
0
4
10
8
4
1
10
4
7
1
10
4
8
7
7
10
3
4
2
1
7
3
9
6
4
7
2
2
7
3
9
6
8
8
8
6
7
8
2
2
4
1
3
8
5
3 031
7 3312331
6 612003
51 322334232440234261200326036204342342433442660323231
10 0234243243
