15 10
10
1 0 4
1 0
0 0
2 0
3 0
1 1 4
1 1
0 1
2 1
3 0
1 0 4
1 0
0 0
2 0
2 1
1 1 4
1 1
0 1
2 1
2 0
1 0 4
1 0
0 0
2 0
1 1
0 1 4
0 1
0 0
1 1
2 0
1 1 4
1 1
0 1
2 0
3 0
1 0 4
1 0
0 0
1 1
2 1
1 1 4
1 1
0 1
1 0
2 0
1 1 4
1 1
0 1
2 0
2 2
0
200
0
9
1
6
2
6
5
6
6
4
3
1
2
5
8
5
2
4
0
9
9
2
6
5
1
9
4
4
9
8
9
3
7
1
6
0
7
3
8
5
1
6
5
1
1
8
8
6
6
4
6
1
0
4
3
9
2
7
7
0
3
0
7
6
6
7
4
1
2
4
7
7
3
8
8
2
2
1
0
5
0
4
5
1
0
3
1
0
4
8
1
7
8
9
6
0
7
9
7
0
8
1
1
9
1
5
3
9
7
6
0
5
4
6
5
7
0
3
7
4
1
1
3
6
7
1
3
4
3
9
5
4
9
2
6
4
5
9
3
0
4
7
2
4
7
3
7
4
0
5
6
4
1
9
7
2
7
6
8
9
3
4
0
5
0
7
3
1
2
4
8
4
7
3
5
2
9
3
4
9
9
3
6
5
3
9
1
5
8
1
5
1
3
0
5
2
9
9
2
8
