8 10
8
1 0 4
0 0
1 0
2 0
3 0
0 0 1
0 0
0 0 1
0 0
0 0 1
0 0
0 0 1
0 0
0 0 1
0 0
0 0 1
0 0
0 0 1
0 0
0
400
0
1
5
1
5
0
0
3
5
5
0
2
0
3
1
4
5
1
1
0
7
7
3
4
4
2
6
4
7
6
4
5
2
6
3
5
6
6
6
2
5
2
1
4
6
6
6
4
6
5
3
1
6
6
0
7
2
2
1
6
3
6
0
3
0
0
7
1
1
3
0
6
7
3
5
5
5
0
6
6
7
3
6
7
4
1
5
1
5
2
4
3
3
0
2
7
2
7
0
6
0
1
6
5
3
0
4
4
5
0
1
2
0
1
3
2
1
0
3
3
7
0
6
3
1
3
2
1
0
4
7
4
1
0
1
7
1
7
7
2
6
6
5
7
1
1
2
1
5
3
1
5
7
6
7
5
3
2
1
0
2
5
3
3
5
6
0
6
1
1
5
6
0
2
5
6
2
2
2
5
0
3
7
6
5
3
0
2
2
2
7
5
0
4
5
2
5
5
4
0
2
7
7
2
2
4
6
7
3
5
3
6
2
6
6
7
0
0
1
1
7
4
2
0
2
0
4
2
7
3
4
6
6
0
4
4
6
5
2
1
4
0
6
3
3
6
6
7
2
3
1
4
0
1
5
0
0
1
0
3
4
2
1
7
3
4
5
4
3
3
1
6
5
5
2
5
2
2
5
0
1
6
0
0
6
0
5
6
2
7
2
4
4
1
2
4
3
4
1
3
0
0
2
3
5
3
0
4
1
2
6
0
7
0
7
0
1
1
4
1
7
3
2
7
7
1
0
5
4
6
0
1
7
3
5
3
6
2
7
7
7
7
6
7
2
1
5
2
1
4
2
3
1
3
7
1
5
0
1
2
7
4
3
6
6
5
3
4
7
2
7
7
3
7
0
7
3
1
3
0
6
1
6
2
6
1
1
5
6
0
0
2
5
5
2
2
7
4
3
7
5
3 031
7 3312331
6 612003
51 322334232440234261200326036204342342433442660323231
10 0234243243
