50 50
3
0 0 1
0 0
1 0 2
0 0
2 0
1 1 3
2 0
0 1
2 2
265
21 5
22 5
23 5
24 5
25 5
26 5
27 5
28 5
19 6
20 6
21 6
29 6
30 6
31 6
17 7
18 7
31 7
32 7
16 8
17 8
33 8
15 9
16 9
33 9
34 9
14 10
15 10
16 10
17 10
18 10
33 10
34 10
35 10
36 10
12 11
13 11
16 11
18 11
19 11
32 11
33 11
36 11
12 12
16 12
20 12
21 12
31 12
32 12
34 12
37 12
38 12
11 13
16 13
21 13
29 13
30 13
33 13
38 13
11 14
17 14
22 14
23 14
28 14
29 14
33 14
39 14
10 15
17 15
23 15
24 15
26 15
27 15
32 15
39 15
10 16
17 16
25 16
26 16
32 16
40 16
9 17
17 17
24 17
26 17
32 17
40 17
9 18
18 18
23 18
24 18
27 18
28 18
32 18
41 18
9 19
18 19
21 19
22 19
28 19
29 19
31 19
41 19
9 20
19 20
20 20
21 20
30 20
31 20
41 20
9 21
18 21
19 21
30 21
31 21
41 21
9 22
18 22
19 22
31 22
32 22
33 22
41 22
8 23
16 23
17 23
19 23
30 23
33 23
41 23
9 24
16 24
20 24
30 24
34 24
35 24
41 24
8 25
14 25
15 25
20 25
29 25
35 25
36 25
41 25
9 26
13 26
14 26
20 26
29 26
37 26
41 26
9 27
11 27
12 27
20 27
29 27
37 27
38 27
40 27
9 28
11 28
21 28
29 28
39 28
40 28
9 29
10 29
11 29
12 29
13 29
14 29
15 29
16 29
17 29
18 29
19 29
20 29
21 29
22 29
23 29
24 29
25 29
26 29
27 29
28 29
29 29
30 29
31 29
32 29
33 29
34 29
35 29
36 29
37 29
38 29
39 29
40 29
10 30
21 30
28 30
40 30
10 31
21 31
28 31
40 31
11 32
22 32
28 32
40 32
11 33
22 33
27 33
38 33
39 33
12 34
22 34
27 34
39 34
12 35
22 35
26 35
38 35
13 36
23 36
27 36
37 36
38 36
13 37
23 37
26 37
36 37
14 38
15 38
24 38
26 38
35 38
36 38
15 39
24 39
25 39
34 39
16 40
17 40
18 40
24 40
25 40
32 40
33 40
34 40
18 41
19 41
20 41
24 41
29 41
30 41
31 41
21 42
22 42
23 42
24 42
25 42
26 42
27 42
28 42
29 42
500
0
0
0
1
1
0
1
1
1
2
1
0
1
1
2
0
0
1
1
2
0
0
1
1
2
2
2
1
1
1
0
1
2
0
1
2
0
1
0
1
1
1
2
0
0
2
0
2
1
1
1
2
2
0
0
1
2
2
1
1
2
1
0
1
0
1
1
0
1
1
1
1
2
2
0
0
1
2
1
2
0
0
1
2
1
1
2
1
2
2
2
2
2
0
0
0
2
2
1
2
0
2
1
1
2
0
2
1
0
0
1
0
0
2
0
0
0
2
2
0
1
2
2
1
1
2
0
2
1
2
1
1
1
2
2
2
1
0
1
1
2
2
1
2
2
0
2
1
2
1
0
0
2
0
0
0
0
0
0
1
2
0
1
2
1
0
2
0
0
1
1
1
2
1
1
1
2
1
0
0
0
0
0
1
2
0
1
2
2
2
2
2
1
2
2
2
1
0
2
2
1
0
0
1
0
1
2
0
2
0
0
1
0
2
0
2
0
0
1
1
2
0
0
2
0
1
0
0
2
1
1
0
2
2
1
2
0
2
0
1
1
1
1
2
2
0
1
2
2
0
0
0
0
2
1
2
1
1
2
1
1
0
0
0
2
0
2
2
2
2
0
1
2
2
2
2
2
2
1
1
0
1
2
0
0
2
0
0
1
1
0
2
1
0
1
2
1
0
0
0
0
1
2
0
0
2
1
2
0
1
2
0
1
2
2
0
1
2
0
0
0
2
2
1
2
1
0
1
0
2
2
0
0
0
0
0
0
0
0
2
1
2
1
1
0
0
2
1
2
0
1
2
2
1
2
1
1
0
2
0
0
0
2
1
0
1
1
2
1
0
1
2
1
2
0
0
0
1
1
0
0
1
1
2
1
1
2
2
0
0
0
1
0
2
1
0
1
2
0
2
0
1
2
1
0
2
1
2
2
2
1
2
1
1
0
2
2
1
1
1
0
0
0
1
1
0
1
2
0
0
2
1
1
1
1
1
1
1
0
0
2
0
1
0
0
0
1
2
1
1
1
1
2
0
0
1
1
0
2
0
1
1
2
1
0
0
1
1
2
1
2
1
2
2
2
1
2
0
1
0
0
2
0
2
1
2
2
0
1
1
1
1
0
1
2
0
1
2
1
1
5
3 031
7 3312331
6 612003
51 322334232440234261200326036204342342433442660323231
10 0234243243
