15 10
10
1 0 4
1 0
0 0
2 0
3 0
1 1 4
1 1
0 1
2 1
3 0
1 0 4
1 0
0 0
2 0
2 1
1 1 4
1 1
0 1
2 1
2 0
1 0 4
1 0
0 0
2 0
1 1
0 1 4
0 1
0 0
1 1
2 0
1 1 4
1 1
0 1
2 0
3 0
1 0 4
1 0
0 0
1 1
2 1
1 1 4
1 1
0 1
1 0
2 0
1 1 4
1 1
0 1
2 0
2 2
0
200
0
3
3
9
6
8
2
8
5
3
6
2
9
6
4
6
0
5
7
3
2
7
9
5
8
6
4
4
4
5
6
1
6
1
5
5
3
4
8
5
7
6
0
5
0
6
7
4
1
9
2
7
7
0
1
0
6
2
0
1
1
7
9
9
0
2
5
7
9
6
7
7
3
2
9
1
2
6
5
9
0
8
6
0
5
8
3
9
2
1
5
4
5
6
2
8
6
8
0
3
6
2
9
3
0
8
2
5
6
4
6
4
4
4
1
6
7
3
2
3
0
0
4
7
9
6
5
8
2
5
8
0
8
5
9
5
9
8
9
6
8
1
1
6
3
1
8
5
8
0
3
1
9
1
4
7
7
9
0
7
2
0
3
9
1
0
4
2
0
9
5
3
0
5
4
9
5
8
9
4
0
9
2
9
3
1
0
3
3
6
9
4
7
3
6
6
6
4
5
5
5
3 031
7 3312331
6 612003
51 322334232440234261200326036204342342433442660323231
10 0234243243
