15 10
10
1 0 4
1 0
0 0
2 0
3 0
1 1 4
1 1
0 1
2 1
3 0
1 0 4
1 0
0 0
2 0
2 1
1 1 4
1 1
0 1
2 1
2 0
1 0 4
1 0
0 0
2 0
1 1
0 1 4
0 1
0 0
1 1
2 0
1 1 4
1 1
0 1
2 0
3 0
1 0 4
1 0
0 0
1 1
2 1
1 1 4
1 1
0 1
1 0
2 0
1 1 4
1 1
0 1
2 0
2 2
0
200
0
7
8
2
5
3
3
1
8
8
6
6
7
5
5
3
8
9
6
4
8
8
8
8
8
1
4
0
0
5
8
3
0
0
8
8
2
2
7
2
9
7
4
4
5
1
5
0
5
2
0
7
8
8
5
4
0
8
5
9
2
0
5
3
9
5
1
4
0
8
0
7
1
7
9
1
9
2
9
0
2
0
1
8
5
7
9
9
0
9
7
8
6
6
3
8
7
0
1
7
6
2
6
3
0
4
5
1
3
2
5
0
7
1
0
0
2
7
2
0
3
8
4
0
1
7
3
8
5
5
5
4
2
0
2
0
1
6
2
7
4
9
7
2
3
9
1
4
8
9
8
0
5
3
3
8
9
3
8
8
4
3
7
3
0
0
9
7
9
3
7
7
7
9
5
8
9
6
0
1
9
9
0
0
8
7
8
6
4
0
0
5
4
3
3
3
3
4
5
0
5
3 031
7 3312331
6 612003
51 322334232440234261200326036204342342433442660323231
10 0234243243
