10 10
18
0 0 1
0 0
1 0 2
0 0
2 0
0 1 2
0 0
0 2
1 1 3
2 0
0 1
2 2
0 1 3
0 0
1 1
0 2
0 0 2
0 0
1 0
1 0 2
0 0
1 0
0 0 2
0 0
0 1
0 1 2
0 0
0 1
0 0 3
0 0
1 0
2 0
1 0 3
0 0
1 0
2 0
2 0 3
0 0
1 0
2 0
0 0 3
0 0
0 1
0 2
0 1 3
0 0
0 1
0 2
0 2 3
0 0
0 1
0 2
1 0 3
1 0
0 1
1 2
1 1 3
1 0
0 1
1 2
1 2 3
1 0
0 1
1 2
0
100
0
0
12
16
13
6
7
7
13
8
4
3
16
7
2
9
9
4
7
2
3
12
1
7
17
2
17
16
10
16
9
10
11
0
10
5
0
16
9
7
16
7
2
9
3
2
3
8
7
10
1
11
8
3
15
7
11
8
16
16
14
1
6
1
9
7
13
0
16
16
7
10
8
5
0
12
10
5
7
2
9
6
16
17
13
4
11
1
8
8
17
8
14
6
9
12
8
17
16
14

