15 10
10
1 0 4
1 0
0 0
2 0
3 0
1 1 4
1 1
0 1
2 1
3 0
1 0 4
1 0
0 0
2 0
2 1
1 1 4
1 1
0 1
2 1
2 0
1 0 4
1 0
0 0
2 0
1 1
0 1 4
0 1
0 0
1 1
2 0
1 1 4
1 1
0 1
2 0
3 0
1 0 4
1 0
0 0
1 1
2 1
1 1 4
1 1
0 1
1 0
2 0
1 1 4
1 1
0 1
2 0
2 2
0
200
0
2
4
9
7
1
1
0
0
0
8
8
1
5
4
1
2
4
6
5
2
2
3
1
2
6
4
9
7
6
4
2
6
0
3
2
3
4
0
1
4
2
3
7
9
9
6
3
0
5
7
5
7
1
4
8
1
5
0
4
1
8
1
6
7
1
7
7
6
1
1
0
8
1
8
9
1
6
9
7
3
3
9
0
3
3
3
1
3
8
4
2
6
1
8
7
8
5
3
5
9
7
2
4
7
2
0
6
0
7
3
7
5
6
2
6
9
2
8
4
3
6
2
1
1
2
5
7
3
9
7
8
8
5
9
3
7
4
3
6
1
8
1
1
3
4
4
4
0
7
6
9
6
4
4
2
8
0
6
1
4
6
7
9
4
5
1
8
3
7
5
7
7
4
5
8
7
2
5
3
1
2
7
8
7
2
2
5
8
5
3
1
6
4
9
9
0
0
0
1
5
3 031
7 3312331
6 612003
51 322334232440234261200326036204342342433442660323231
10 0234243243
