15 10
10
1 0 4
1 0
0 0
2 0
3 0
1 1 4
1 1
0 1
2 1
3 0
1 0 4
1 0
0 0
2 0
2 1
1 1 4
1 1
0 1
2 1
2 0
1 0 4
1 0
0 0
2 0
1 1
0 1 4
0 1
0 0
1 1
2 0
1 1 4
1 1
0 1
2 0
3 0
1 0 4
1 0
0 0
1 1
2 1
1 1 4
1 1
0 1
1 0
2 0
1 1 4
1 1
0 1
2 0
2 2
0
200
0
3
6
0
6
5
4
3
3
7
6
6
6
7
0
3
0
6
2
6
7
1
8
7
6
4
5
6
6
5
9
3
9
4
9
4
5
4
1
0
2
8
2
7
7
0
8
2
5
8
2
8
2
3
1
5
9
6
3
7
9
5
4
0
0
3
7
7
9
2
8
2
4
0
9
9
8
3
8
8
0
8
0
9
1
3
0
5
5
7
9
1
9
3
6
0
7
1
5
6
7
8
8
4
8
1
7
2
8
1
3
4
9
1
6
7
4
5
6
5
8
6
5
9
9
8
8
5
2
9
0
4
5
0
6
6
1
7
9
8
9
0
6
4
0
7
0
6
2
9
0
7
9
4
7
0
5
2
9
1
5
2
3
7
4
1
8
3
1
6
8
2
3
4
2
8
7
5
1
9
8
6
7
8
8
5
1
3
1
5
2
2
8
4
8
3
6
3
1
6
5
3 031
7 3312331
6 612003
51 322334232440234261200326036204342342433442660323231
10 0234243243
