30 15
33
1 2 5
2 0
1 1
1 2
0 3
0 4
1 1 5
3 0
2 0
1 1
1 2
0 3
1 1 5
2 1
2 0
1 1
1 2
0 3
1 1 5
1 0
2 0
1 1
1 2
0 3
0 2 5
1 0
1 1
1 2
0 3
0 4
1 1 5
2 2
1 1
2 0
1 2
0 3
1 1 5
3 0
2 1
1 1
1 2
0 3
1 1 5
3 0
2 0
1 0
0 1
0 2
1 1 5
2 1
2 0
1 0
0 1
0 2
1 1 5
1 1
2 0
1 0
0 1
0 2
1 1 5
0 0
1 0
2 0
0 1
0 2
1 1 5
1 0
1 1
2 1
1 2
0 3
1 1 5
1 2
0 1
2 0
1 0
0 2
1 1 5
0 1
1 1
3 0
2 0
1 2
1 1 5
0 3
0 2
2 0
1 0
0 1
1 1 5
0 2
1 2
3 0
2 0
1 1
1 1 5
2 1
1 1
1 0
0 1
0 2
1 1 5
2 2
1 1
1 0
0 1
0 2
0 1 5
1 2
1 1
1 0
0 1
0 2
0 1 5
0 0
1 0
1 1
0 1
0 2
1 1 5
0 1
1 1
2 1
2 0
1 2
0 1 5
0 3
0 2
1 1
1 0
0 1
0 1 5
1 0
0 1
1 1
1 2
0 3
0 1 5
0 3
0 2
0 0
1 0
0 1
0 2 5
1 0
0 1
1 2
0 3
0 4
0 1 5
0 0
1 0
1 1
1 2
0 3
0 2 5
1 4
0 3
1 0
1 1
1 2
1 1 5
3 0
2 0
1 1
0 1
0 2
1 1 5
2 0
2 1
2 2
1 2
0 3
1 1 5
2 2
1 1
2 0
0 1
0 2
1 1 5
2 2
2 1
2 0
1 0
0 1
1 1 5
0 0
0 1
2 2
1 1
0 2
1 0 5
0 1
1 1
3 1
3 0
2 0
0
100
0
0
17
5
22
11
3
15
11
20
16
25
25
31
20
6
1
1
15
32
4
13
22
26
5
2
10
13
27
1
18
3
28
26
20
13
27
30
32
12
7
31
17
14
3
12
25
14
30
23
27
9
12
13
25
31
26
15
23
14
3
32
31
23
7
26
13
0
28
3
31
14
25
28
19
23
1
31
8
27
28
28
6
20
5
24
16
6
10
13
5
30
2
13
32
1
2
27
7
16
