15 10
10
1 0 4
1 0
0 0
2 0
3 0
1 1 4
1 1
0 1
2 1
3 0
1 0 4
1 0
0 0
2 0
2 1
1 1 4
1 1
0 1
2 1
2 0
1 0 4
1 0
0 0
2 0
1 1
0 1 4
0 1
0 0
1 1
2 0
1 1 4
1 1
0 1
2 0
3 0
1 0 4
1 0
0 0
1 1
2 1
1 1 4
1 1
0 1
1 0
2 0
1 1 4
1 1
0 1
2 0
2 2
0
200
0
9
5
8
0
7
4
2
2
2
7
2
1
0
9
9
3
3
4
6
1
0
0
1
1
6
7
5
6
6
7
4
8
2
0
6
1
5
6
7
2
0
8
1
1
0
1
4
0
0
3
4
5
2
5
6
4
9
7
9
8
0
3
8
9
8
9
7
5
3
0
8
8
8
0
9
3
3
4
3
1
2
4
5
1
9
8
0
6
1
0
7
5
0
0
9
7
7
8
0
7
1
1
1
2
0
8
3
0
7
9
3
0
4
8
9
0
8
4
1
1
3
4
3
3
6
1
2
6
1
2
9
0
0
6
0
4
5
7
0
1
1
4
5
7
7
3
5
6
1
5
0
9
8
2
2
6
2
9
4
2
5
4
2
2
1
6
1
5
0
3
0
9
8
5
6
1
0
5
2
8
0
8
4
0
7
8
1
6
8
4
0
2
8
1
0
2
0
6
6
5
3 031
7 3312331
6 612003
51 322334232440234261200326036204342342433442660323231
10 0234243243
