15 10
10
1 0 4
1 0
0 0
2 0
3 0
1 1 4
1 1
0 1
2 1
3 0
1 0 4
1 0
0 0
2 0
2 1
1 1 4
1 1
0 1
2 1
2 0
1 0 4
1 0
0 0
2 0
1 1
0 1 4
0 1
0 0
1 1
2 0
1 1 4
1 1
0 1
2 0
3 0
1 0 4
1 0
0 0
1 1
2 1
1 1 4
1 1
0 1
1 0
2 0
1 1 4
1 1
0 1
2 0
2 2
0
200
0
5
0
8
2
0
6
4
3
6
9
4
4
2
9
5
0
5
8
8
4
4
4
6
8
4
2
1
6
0
7
0
7
1
6
6
4
1
4
9
2
1
9
4
4
6
3
9
7
3
2
3
9
6
5
8
3
5
1
0
9
1
2
2
5
1
0
9
4
1
6
7
4
2
7
1
5
2
8
8
6
8
7
6
4
2
8
9
3
8
9
7
4
9
2
3
6
9
6
8
1
4
6
9
3
5
3
2
7
4
8
5
7
5
9
8
1
4
3
5
9
9
4
4
2
2
7
7
8
3
4
0
7
4
6
0
6
7
3
2
4
6
9
9
8
2
1
6
6
2
4
7
9
0
2
7
9
6
4
4
5
5
3
3
7
7
6
3
8
8
6
0
7
2
6
1
4
5
9
9
9
2
3
5
0
4
2
5
5
9
5
8
9
3
5
4
4
7
0
8
