20 30
14
1 0 2
0 0
2 0
0 1 3
1 0
0 1
0 2
1 0 3
2 0
1 0
0 1
0 0 3
1 1
1 0
0 1
1 1 4
2 0
1 1
1 2
0 3
1 1 4
2 0
1 0
0 1
0 2
0 1 4
1 1
1 0
0 1
0 2
0 1 4
0 0
1 0
0 1
0 2
0 1 4
1 0
1 1
1 2
0 3
1 1 4
2 0
1 1
0 1
0 2
1 0 4
2 1
2 0
1 0
0 1
1 0 4
1 1
2 0
1 0
0 1
0 1 4
0 0
0 1
1 1
0 2
1 0 4
0 1
1 1
3 0
2 0
68
2 6
3 6
4 6
5 6
8 6
10 6
22 6
2 7
5 7
7 7
10 7
21 7
2 8
6 8
8 8
10 8
22 8
2 9
3 9
4 9
5 9
10 9
12 9
15 9
17 9
18 9
19 9
21 9
2 10
5 10
10 10
12 10
15 10
17 10
20 10
22 10
23 10
24 10
2 11
5 11
10 11
12 11
14 11
16 11
17 11
18 11
19 11
21 11
24 11
2 12
6 12
10 12
13 12
14 12
17 12
22 12
25 12
2 13
6 13
10 13
13 13
17 13
18 13
19 13
21 13
24 13
13 14
12 15
100
0
7
11
7
0
3
10
5
1
8
8
6
9
9
7
7
2
13
5
0
1
1
6
10
4
10
9
13
13
9
9
10
4
3
9
5
7
12
4
13
11
9
12
9
3
1
9
11
12
7
5
12
6
9
13
6
11
1
1
1
0
2
8
8
9
5
10
4
13
6
7
0
8
6
11
5
5
12
4
8
9
12
8
7
10
1
7
7
1
0
11
8
8
6
4
11
10
11
13
5
