30 15
33
1 2 5
2 0
1 1
1 2
0 3
0 4
1 1 5
3 0
2 0
1 1
1 2
0 3
1 1 5
2 1
2 0
1 1
1 2
0 3
1 1 5
1 0
2 0
1 1
1 2
0 3
0 2 5
1 0
1 1
1 2
0 3
0 4
1 1 5
2 2
1 1
2 0
1 2
0 3
1 1 5
3 0
2 1
1 1
1 2
0 3
1 1 5
3 0
2 0
1 0
0 1
0 2
1 1 5
2 1
2 0
1 0
0 1
0 2
1 1 5
1 1
2 0
1 0
0 1
0 2
1 1 5
0 0
1 0
2 0
0 1
0 2
1 1 5
1 0
1 1
2 1
1 2
0 3
1 1 5
1 2
0 1
2 0
1 0
0 2
1 1 5
0 1
1 1
3 0
2 0
1 2
1 1 5
0 3
0 2
2 0
1 0
0 1
1 1 5
0 2
1 2
3 0
2 0
1 1
1 1 5
2 1
1 1
1 0
0 1
0 2
1 1 5
2 2
1 1
1 0
0 1
0 2
0 1 5
1 2
1 1
1 0
0 1
0 2
0 1 5
0 0
1 0
1 1
0 1
0 2
1 1 5
0 1
1 1
2 1
2 0
1 2
0 1 5
0 3
0 2
1 1
1 0
0 1
0 1 5
1 0
0 1
1 1
1 2
0 3
0 1 5
0 3
0 2
0 0
1 0
0 1
0 2 5
1 0
0 1
1 2
0 3
0 4
0 1 5
0 0
1 0
1 1
1 2
0 3
0 2 5
1 4
0 3
1 0
1 1
1 2
1 1 5
3 0
2 0
1 1
0 1
0 2
1 1 5
2 0
2 1
2 2
1 2
0 3
1 1 5
2 2
1 1
2 0
0 1
0 2
1 1 5
2 2
2 1
2 0
1 0
0 1
1 1 5
0 0
0 1
2 2
1 1
0 2
1 0 5
0 1
1 1
3 1
3 0
2 0
0
100
0
24
11
15
19
0
9
13
6
19
32
32
4
7
6
25
11
13
17
30
8
18
21
25
12
19
0
4
30
28
32
10
1
5
19
1
0
23
9
24
29
10
32
32
7
10
7
9
5
14
3
26
3
13
0
1
15
16
9
31
13
2
8
29
16
18
18
25
26
10
16
16
14
1
24
17
15
17
25
0
15
2
9
11
4
4
3
20
25
8
9
30
14
11
21
31
30
0
4
12
5
3 031
7 3312331
6 612003
51 322334232440234261200326036204342342433442660323231
10 0234243243
