15 10
10
1 0 4
1 0
0 0
2 0
3 0
1 1 4
1 1
0 1
2 1
3 0
1 0 4
1 0
0 0
2 0
2 1
1 1 4
1 1
0 1
2 1
2 0
1 0 4
1 0
0 0
2 0
1 1
0 1 4
0 1
0 0
1 1
2 0
1 1 4
1 1
0 1
2 0
3 0
1 0 4
1 0
0 0
1 1
2 1
1 1 4
1 1
0 1
1 0
2 0
1 1 4
1 1
0 1
2 0
2 2
0
200
0
4
1
8
1
4
2
7
7
8
6
5
2
0
0
4
5
2
5
1
0
3
1
6
5
2
1
1
9
4
0
3
0
3
5
1
7
3
8
1
9
7
8
2
4
9
2
7
9
5
4
9
9
5
1
4
5
4
8
4
5
5
4
3
8
1
1
4
7
6
3
3
3
1
6
5
9
6
9
8
6
1
0
4
9
0
8
0
8
1
4
9
5
5
2
9
2
1
5
1
6
6
1
4
1
7
9
4
7
1
4
1
0
6
9
9
1
3
9
9
3
5
6
7
6
3
9
7
2
6
9
5
4
4
1
8
4
6
1
8
3
1
2
0
0
1
0
6
4
8
7
9
4
1
2
3
5
7
9
0
3
0
7
7
1
5
0
5
0
4
4
7
6
6
0
4
0
9
0
0
2
2
0
6
5
0
7
1
5
0
1
8
0
2
1
7
4
4
9
9
5
3 031
7 3312331
6 612003
51 322334232440234261200326036204342342433442660323231
10 0234243243
